#0_1_1
1 -36 -38 -37
2 -36 -40 -38
3 -36 -40 -38
4 -37 -42 -39.5
5 -37 -43 -40
6 -38 -45 -41.5
7 -40 -45 -42.5
8 -40 -46 -43
9 -42 -46 -44
10 -43 -46 -44.5
11 -44 -46 -45
12 -45 -46 -45.5
13 -45 -46 -45.5
14 -45 -45 -45
15 -45 -45 -45
16 -45 -45 -45
17 -45 -45 -45
18 -45 -45 -45
19 -45 -45 -45
20 -45 -45 -45
21 -45 -45 -45
22 -45 -45 -45
23 -45 -45 -45
24 -45 -44 -44.5
25 -45 -44 -44.5
26 -45 -44 -44.5
27 -45 -44 -44.5
28 -45 -44 -44.5
29 -45 -44 -44.5
30 -45 -45 -45
31 -45 -45 -45
32 -44 -45 -44.5
33 -44 -45 -44.5
34 -43 -45 -44
35 -43 -45 -44
36 -43 -45 -44
37 -43 -45 -44
38 -43 -45 -44
39 -43 -47 -45
40 -44 -48 -46
41 -45 -48 -46.5
42 -46 -49 -47.5
43 -46 -51 -48.5
44 -47 -52 -49.5
45 -48 -52 -50
46 -49 -52 -50.5
47 -51 -54 -52.5
48 -53 -55 -54
49 -56 -57 -56.5
50 -56 -57 -56.5
51 -57 -59 -58
52 -60 -63 -61.5
53 -63 -67 -65
54 -66 -62 -64
55 -67 -57 -62
56 -64 -55 -59.5
57 -60 -54 -57
58 -58 -53 -55.5
59 -56 -51 -53.5
60 -56 -51 -53.5
61 -52 -51 -51.5
62 -52 -51 -51.5
63 -52 -51 -51.5
64 -50 -50 -50
65 -50 -50 -50
66 -50 -50 -50
67 -50 -50 -50
68 -50 -50 -50
69 -50 -50 -50
70 -50 -50 -50
71 -50 -50 -50
72 -50 -50 -50
73 -50 -51 -50.5
74 -50 -51 -50.5
75 -50 -52 -51
76 -50 -54 -52
77 -52 -56 -54
78 -54 -58 -56
79 -54 -58 -56
80 -55 -61 -58
81 -57 -64 -60.5
82 -58 -67 -62.5
83 -59 -67 -63
84 -59 -59 -59
85 -59 -58 -58.5
86 -58 -55 -56.5
87 -57 -54 -55.5
88 -55 -51 -53
89 -55 -48 -51.5
90 -52 -48 -50
91 -50 -47 -48.5
92 -49 -47 -48
93 -49 -47 -48
94 -48 -47 -47.5
95 -48 -47 -47.5
96 -47 -47 -47

#0_1_2
1 -37 -39 -38
2 -37 -39 -38
3 -38 -41 -39.5
4 -38 -41 -39.5
5 -38 -43 -40.5
6 -39 -45 -42
7 -42 -45 -43.5
8 -42 -46 -44
9 -42 -47 -44.5
10 -42 -48 -45
11 -43 -48 -45.5
12 -44 -48 -46
13 -44 -48 -46
14 -44 -46 -45
15 -44 -45 -44.5
16 -45 -45 -45
17 -45 -45 -45
18 -45 -45 -45
19 -45 -45 -45
20 -45 -45 -45
21 -45 -45 -45
22 -45 -45 -45
23 -45 -45 -45
24 -45 -45 -45
25 -45 -45 -45
26 -45 -45 -45
27 -45 -45 -45
28 -45 -45 -45
29 -45 -45 -45
30 -45 -45 -45
31 -45 -45 -45
32 -44 -45 -44.5
33 -44 -45 -44.5
34 -43 -45 -44
35 -43 -45 -44
36 -43 -45 -44
37 -43 -45 -44
38 -43 -46 -44.5
39 -44 -47 -45.5
40 -44 -48 -46
41 -44 -48 -46
42 -45 -50 -47.5
43 -46 -51 -48.5
44 -47 -52 -49.5
45 -48 -53 -50.5
46 -51 -54 -52.5
47 -54 -56 -55
48 -55 -57 -56
49 -56 -57 -56.5
50 -57 -59 -58
51 -59 -61 -60
52 -59 -66 -62.5
53 -62 -65 -63.5
54 -66 -59 -62.5
55 -67 -56 -61.5
56 -63 -55 -59
57 -58 -53 -55.5
58 -57 -52 -54.5
59 -55 -50 -52.5
60 -53 -49 -51
61 -52 -49 -50.5
62 -51 -49 -50
63 -51 -49 -50
64 -50 -49 -49.5
65 -50 -49 -49.5
66 -50 -49 -49.5
67 -50 -49 -49.5
68 -50 -49 -49.5
69 -50 -49 -49.5
70 -50 -49 -49.5
71 -50 -49 -49.5
72 -50 -49 -49.5
73 -50 -50 -50
74 -50 -51 -50.5
75 -50 -52 -51
76 -50 -54 -52
77 -52 -56 -54
78 -53 -57 -55
79 -53 -59 -56
80 -55 -60 -57.5
81 -56 -61 -58.5
82 -58 -62 -60
83 -59 -60 -59.5
84 -59 -58 -58.5
85 -59 -55 -57
86 -59 -54 -56.5
87 -57 -54 -55.5
88 -56 -51 -53.5
89 -55 -50 -52.5
90 -52 -49 -50.5
91 -51 -49 -50
92 -50 -49 -49.5
93 -50 -49 -49.5
94 -49 -49 -49
95 -49 -49 -49
96 -49 -49 -49


#0_2_1
1 -40 -42 -41
2 -40 -43 -41.5
3 -40 -44 -42
4 -40 -46 -43
5 -41 -47 -44
6 -42 -48 -45
7 -43 -49 -46
8 -44 -50 -47
9 -45 -51 -48
10 -45 -52 -48.5
11 -47 -54 -50.5
12 -48 -55 -51.5
13 -48 -56 -52
14 -50 -56 -53
15 -52 -56 -54
16 -53 -56 -54.5
17 -55 -56 -55.5
18 -55 -54 -54.5
19 -56 -53 -54.5
20 -56 -50 -53
21 -56 -50 -53
22 -56 -50 -53
23 -56 -50 -53
24 -56 -50 -53
25 -56 -49 -52.5
26 -56 -49 -52.5
27 -56 -49 -52.5
28 -56 -48 -52
29 -55 -48 -51.5
30 -52 -48 -50
31 -50 -48 -49
32 -49 -48 -48.5
33 -49 -48 -48.5
34 -48 -48 -48
35 -48 -48 -48
36 -47 -49 -48
37 -47 -49 -48
38 -47 -49 -48
39 -47 -49 -48
40 -47 -49 -48
41 -47 -50 -48.5
42 -47 -51 -49
43 -47 -52 -49.5
44 -47 -55 -51
45 -48 -56 -52
46 -52 -58 -55
47 -55 -60 -57.5
48 -57 -63 -60
49 -60 -65 -62.5
50 -65 -66 -65.5
51 -70 -66 -68
52 -68 -62 -65
53 -63 -59 -61
54 -61 -57 -59
55 -60 -56 -58
56 -60 -56 -58
57 -60 -56 -58
58 -60 -55 -57.5
59 -59 -55 -57
60 -58 -55 -56.5
61 -57 -55 -56
62 -57 -55 -56
63 -57 -55 -56
64 -57 -54 -55.5
65 -56 -54 -55
66 -56 -54 -55
67 -55 -52 -53.5
68 -55 -51 -53
69 -53 -51 -52
70 -53 -51 -52
71 -53 -51 -52
72 -51 -51 -51
73 -51 -51 -51
74 -51 -51 -51
75 -51 -52 -51.5
76 -51 -54 -52.5
77 -51 -54 -52.5
78 -52 -56 -54
79 -53 -58 -55.5
80 -54 -58 -56
81 -55 -60 -57.5
82 -56 -61 -58.5
83 -57 -62 -59.5
84 -59 -62 -60.5
85 -61 -62 -61.5
86 -63 -61 -62
87 -64 -60 -62
88 -64 -57 -60.5
89 -62 -57 -59.5
90 -61 -57 -59
91 -60 -57 -58.5
92 -59 -57 -58
93 -58 -57 -57.5
94 -58 -57 -57.5
95 -58 -57 -57.5
96 -57 -57 -57

#0_2_2
1 -40 -43 -41.5
2 -40 -43 -41.5
3 -40 -45 -42.5
4 -40 -45 -42.5
5 -41 -47 -44
6 -41 -48 -44.5
7 -43 -49 -46
8 -44 -49 -46.5
9 -45 -51 -48
10 -45 -52 -48.5
11 -46 -53 -49.5
12 -48 -54 -51
13 -49 -55 -52
14 -50 -55 -52.5
15 -52 -55 -53.5
16 -53 -55 -54
17 -54 -55 -54.5
18 -55 -53 -54
19 -55 -53 -54
20 -55 -52 -53.5
21 -55 -51 -53
22 -55 -50 -52.5
23 -56 -50 -53
24 -56 -49 -52.5
25 -56 -49 -52.5
26 -56 -49 -52.5
27 -55 -49 -52
28 -52 -49 -50.5
29 -52 -48 -50
30 -50 -48 -49
31 -49 -48 -48.5
32 -49 -48 -48.5
33 -48 -48 -48
34 -48 -48 -48
35 -48 -48 -48
36 -48 -48 -48
37 -47 -48 -47.5
38 -47 -48 -47.5
39 -47 -49 -48
40 -47 -49 -48
41 -47 -50 -48.5
42 -47 -51 -49
43 -47 -55 -51
44 -47 -57 -52
45 -48 -59 -53.5
46 -50 -60 -55
47 -54 -62 -58
48 -55 -64 -59.5
49 -59 -67 -63
50 -65 -68 -66.5
51 -70 -63 -66.5
52 -69 -60 -64.5
53 -65 -58 -61.5
54 -62 -56 -59
55 -60 -56 -58
56 -59 -56 -57.5
57 -59 -56 -57.5
58 -59 -56 -57.5
59 -59 -55 -57
60 -58 -55 -56.5
61 -58 -55 -56.5
62 -57 -55 -56
63 -57 -55 -56
64 -56 -55 -55.5
65 -56 -54 -55
66 -56 -54 -55
67 -56 -52 -54
68 -56 -51 -53.5
69 -54 -50 -52
70 -53 -50 -51.5
71 -54 -50 -52
72 -52 -50 -51
73 -51 -50 -50.5
74 -51 -50 -50.5
75 -51 -51 -51
76 -50 -51 -50.5
77 -50 -52 -51
78 -50 -53 -51.5
79 -51 -56 -53.5
80 -52 -58 -55
81 -54 -59 -56.5
82 -54 -62 -58
83 -56 -65 -60.5
84 -57 -66 -61.5
85 -60 -66 -63
86 -63 -66 -64.5
87 -66 -61 -63.5
88 -67 -60 -63.5
89 -66 -59 -62.5
90 -63 -58 -60.5
91 -61 -58 -59.5
92 -59 -58 -58.5
93 -59 -58 -58.5
94 -59 -57 -58
95 -59 -58 -58.5
96 -59 -59 -59

#0_3_1
1 -44 -47 -45.5
2 -45 -47 -46
3 -45 -49 -47
4 -45 -49 -47
5 -46 -50 -48
6 -46 -51 -48.5
7 -47 -51 -49
8 -47 -52 -49.5
9 -47 -53 -50
10 -48 -53 -50.5
11 -48 -55 -51.5
12 -49 -56 -52.5
13 -52 -57 -54.5
14 -52 -57 -54.5
15 -54 -57 -55.5
16 -54 -57 -55.5
17 -55 -57 -56
18 -56 -57 -56.5
19 -57 -58 -57.5
20 -58 -58 -58
21 -59 -58 -58.5
22 -59 -59 -59
23 -59 -59 -59
24 -59 -59 -59
25 -59 -59 -59
26 -59 -57 -58
27 -59 -57 -58
28 -59 -55 -57
29 -58 -54 -56
30 -57 -53 -55
31 -57 -52 -54.5
32 -56 -51 -53.5
33 -53 -51 -52
34 -53 -51 -52
35 -52 -51 -51.5
36 -51 -52 -51.5
37 -51 -52 -51.5
38 -51 -55 -53
39 -50 -56 -53
40 -50 -57 -53.5
41 -50 -58 -54
42 -50 -59 -54.5
43 -50 -62 -56
44 -52 -63 -57.5
45 -53 -66 -59.5
46 -54 -69 -61.5
47 -56 -68 -62
48 -60 -68 -64
49 -65 -66 -65.5
50 -71 -63 -67
51 -73 -61 -67
52 -69 -60 -64.5
53 -64 -60 -62
54 -62 -60 -61
55 -61 -60 -60.5
56 -59 -61 -60
57 -59 -61 -60
58 -59 -61 -60
59 -59 -61 -60
60 -59 -61 -60
61 -59 -61 -60
62 -59 -61 -60
63 -59 -60 -59.5
64 -59 -59 -59
65 -59 -59 -59
66 -61 -59 -60
67 -61 -58 -59.5
68 -61 -57 -59
69 -61 -57 -59
70 -61 -56 -58.5
71 -60 -56 -58
72 -60 -56 -58
73 -60 -56 -58
74 -60 -56 -58
75 -59 -56 -57.5
76 -58 -57 -57.5
77 -58 -58 -58
78 -58 -59 -58.5
79 -57 -59 -58
80 -57 -60 -58.5
81 -57 -61 -59
82 -57 -62 -59.5
83 -57 -65 -61
84 -58 -68 -63
85 -59 -75 -67
86 -60 -78 -69
87 -62 -77 -69.5
88 -66 -72 -69
89 -69 -69 -69
90 -74 -68 -71
91 -76 -68 -72
92 -72 -68 -70
93 -70 -68 -69
94 -69 -68 -68.5
95 -69 -68 -68.5
96 -68 -68 -68

#0_3_2
1 -52 -45 -48.5
2 -44 -46 -45
3 -43 -47 -45
4 -43 -47 -45
5 -43 -48 -45.5
6 -44 -49 -46.5
7 -44 -50 -47
8 -44 -50 -47
9 -45 -50 -47.5
10 -46 -51 -48.5
11 -48 -52 -50
12 -48 -52 -50
13 -48 -54 -51
14 -48 -56 -52
15 -50 -57 -53.5
16 -51 -57 -54
17 -52 -57 -54.5
18 -54 -57 -55.5
19 -55 -57 -56
20 -57 -57 -57
21 -59 -57 -58
22 -59 -56 -57.5
23 -62 -56 -59
24 -61 -55 -58
25 -59 -55 -57
26 -59 -55 -57
27 -58 -55 -56.5
28 -57 -55 -56
29 -57 -55 -56
30 -56 -56 -56
31 -56 -56 -56
32 -55 -56 -55.5
33 -55 -56 -55.5
34 -55 -56 -55.5
35 -54 -56 -55
36 -54 -55 -54.5
37 -54 -55 -54.5
38 -54 -55 -54.5
39 -54 -54 -54
40 -54 -53 -53.5
41 -55 -52 -53.5
42 -55 -52 -53.5
43 -55 -52 -53.5
44 -55 -51 -53
45 -55 -51 -53
46 -55 -51 -53
47 -55 -51 -53
48 -55 -51 -53
49 -55 -51 -53
50 -52 -51 -51.5
51 -52 -52 -52
52 -52 -52 -52
53 -52 -54 -53
54 -52 -55 -53.5
55 -54 -56 -55
56 -54 -57 -55.5
57 -54 -58 -56
58 -56 -59 -57.5
59 -56 -60 -58
60 -57 -60 -58.5
61 -59 -60 -59.5
62 -59 -60 -59.5
63 -59 -59 -59
64 -59 -58 -58.5
65 -57 -58 -57.5
66 -57 -58 -57.5
67 -57 -58 -57.5
68 -57 -56 -56.5
69 -57 -56 -56.5
70 -56 -57 -56.5
71 -56 -57 -56.5
72 -56 -57 -56.5
73 -56 -57 -56.5
74 -56 -57 -56.5
75 -56 -58 -57
76 -56 -58 -57
77 -56 -59 -57.5
78 -57 -59 -58
79 -57 -61 -59
80 -58 -62 -60
81 -59 -62 -60.5
82 -59 -62 -60.5
83 -60 -61 -60.5
84 -60 -60 -60
85 -60 -59 -59.5
86 -61 -59 -60
87 -61 -58 -59.5
88 -60 -56 -58
89 -60 -56 -58
90 -59 -56 -57.5
91 -59 -56 -57.5
92 -57 -56 -56.5
93 -57 -56 -56.5
94 -57 -56 -56.5
95 -57 -57 -57
96 -57 -57 -57

#0_4_1
1 -48 -50 -49
2 -48 -50 -49
3 -49 -50 -49.5
4 -49 -50 -49.5
5 -49 -50 -49.5
6 -49 -50 -49.5
7 -49 -50 -49.5
8 -49 -50 -49.5
9 -49 -50 -49.5
10 -49 -50 -49.5
11 -49 -50 -49.5
12 -50 -51 -50.5
13 -50 -51 -50.5
14 -50 -51 -50.5
15 -50 -51 -50.5
16 -50 -51 -50.5
17 -50 -52 -51
18 -50 -53 -51.5
19 -50 -55 -52.5
20 -50 -56 -53
21 -51 -56 -53.5
22 -53 -56 -54.5
23 -53 -56 -54.5
24 -55 -56 -55.5
25 -55 -57 -56
26 -55 -58 -56.5
27 -55 -60 -57.5
28 -55 -60 -57.5
29 -55 -62 -58.5
30 -55 -62 -58.5
31 -55 -62 -58.5
32 -56 -59 -57.5
33 -57 -65 -61
34 -58 -63 -60.5
35 -58 -66 -62
36 -58 -66 -62
37 -60 -62 -61
38 -61 -62 -61.5
39 -63 -62 -62.5
40 -65 -62 -63.5
41 -65 -59 -62
42 -65 -59 -62
43 -64 -59 -61.5
44 -62 -58 -60
45 -61 -57 -59
46 -60 -56 -58
47 -59 -56 -57.5
48 -57 -56 -56.5
49 -57 -56 -56.5
50 -56 -56 -56
51 -56 -57 -56.5
52 -55 -57 -56
53 -55 -57 -56
54 -55 -57 -56
55 -55 -57 -56
56 -55 -57 -56
57 -56 -58 -57
58 -57 -59 -58
59 -57 -60 -58.5
60 -59 -60 -59.5
61 -60 -61 -60.5
62 -60 -61 -60.5
63 -60 -61 -60.5
64 -60 -61 -60.5
65 -60 -61 -60.5
66 -60 -62 -61
67 -60 -61 -60.5
68 -59 -61 -60
69 -59 -61 -60
70 -60 -61 -60.5
71 -60 -61 -60.5
72 -60 -61 -60.5
73 -60 -61 -60.5
74 -61 -61 -61
75 -61 -60 -60.5
76 -61 -61 -61
77 -61 -61 -61
78 -61 -61 -61
79 -61 -61 -61
80 -61 -60 -60.5
81 -61 -59 -60
82 -61 -58 -59.5
83 -60 -56 -58
84 -60 -56 -58
85 -60 -54 -57
86 -60 -54 -57
87 -58 -53 -55.5
88 -57 -52 -54.5
89 -56 -51 -53.5
90 -55 -51 -53
91 -55 -51 -53
92 -52 -51 -51.5
93 -52 -51 -51.5
94 -52 -50 -51
95 -52 -52 -52
96 -52 -52 -52

#0_4_2
1 -47 -53 -50
2 -48 -53 -50.5
3 -48 -53 -50.5
4 -48 -53 -50.5
5 -48 -50 -49
6 -48 -49 -48.5
7 -49 -49 -49
8 -49 -49 -49
9 -51 -49 -50
10 -51 -49 -50
11 -51 -53 -52
12 -52 -50 -51
13 -52 -50 -51
14 -52 -51 -51.5
15 -54 -51 -52.5
16 -54 -52 -53
17 -53 -53 -53
18 -53 -53 -53
19 -53 -54 -53.5
20 -53 -55 -54
21 -53 -55 -54
22 -54 -56 -55
23 -55 -56 -55.5
24 -55 -57 -56
25 -55 -58 -56.5
26 -56 -58 -57
27 -56 -60 -58
28 -56 -60 -58
29 -56 -61 -58.5
30 -56 -63 -59.5
31 -56 -64 -60
32 -56 -65 -60.5
33 -58 -65 -61.5
34 -58 -65 -61.5
35 -59 -67 -63
36 -60 -66 -63
37 -61 -64 -62.5
38 -63 -62 -62.5
39 -64 -60 -62
40 -66 -59 -62.5
41 -66 -59 -62.5
42 -66 -58 -62
43 -62 -57 -59.5
44 -59 -56 -57.5
45 -58 -55 -56.5
46 -58 -55 -56.5
47 -58 -55 -56.5
48 -57 -55 -56
49 -56 -55 -55.5
50 -56 -55 -55.5
51 -56 -56 -56
52 -56 -56 -56
53 -56 -57 -56.5
54 -56 -58 -57
55 -56 -58 -57
56 -56 -59 -57.5
57 -56 -60 -58
58 -57 -60 -58.5
59 -58 -62 -60
60 -59 -62 -60.5
61 -60 -62 -61
62 -61 -64 -62.5
63 -61 -65 -63
64 -61 -65 -63
65 -63 -65 -64
66 -63 -65 -64
67 -61 -65 -63
68 -61 -66 -63.5
69 -61 -66 -63.5
70 -61 -68 -64.5
71 -61 -69 -65
72 -63 -69 -66
73 -63 -69 -66
74 -65 -71 -68
75 -66 -70 -68
76 -66 -68 -67
77 -67 -68 -67.5
78 -67 -67 -67
79 -68 -65 -66.5
80 -70 -65 -67.5
81 -70 -62 -66
82 -68 -59 -63.5
83 -66 -58 -62
84 -63 -56 -59.5
85 -61 -55 -58
86 -60 -54 -57
87 -59 -54 -56.5
88 -57 -54 -55.5
89 -56 -52 -54
90 -56 -51 -53.5
91 -55 -51 -53
92 -54 -51 -52.5
93 -54 -51 -52.5
94 -52 -51 -51.5
95 -52 -51 -51.5
96 -51 -51 -51

#0_5_1
1 -53 -58 -55.5
2 -53 -52 -52.5
3 -53 -52 -52.5
4 -53 -52 -52.5
5 -53 -53 -53
6 -54 -51 -52.5
7 -54 -51 -52.5
8 -54 -52 -53
9 -54 -52 -53
10 -57 -52 -54.5
11 -55 -54 -54.5
12 -55 -56 -55.5
13 -55 -55 -55
14 -55 -55 -55
15 -55 -56 -55.5
16 -55 -57 -56
17 -55 -59 -57
18 -55 -58 -56.5
19 -55 -58 -56.5
20 -56 -59 -57.5
21 -57 -59 -58
22 -56 -59 -57.5
23 -56 -59 -57.5
24 -56 -59 -57.5
25 -55 -60 -57.5
26 -55 -60 -57.5
27 -55 -61 -58
28 -55 -61 -58
29 -55 -62 -58.5
30 -55 -62 -58.5
31 -56 -61 -58.5
32 -56 -61 -58.5
33 -57 -61 -59
34 -58 -61 -59.5
35 -59 -60 -59.5
36 -60 -60 -60
37 -62 -60 -61
38 -65 -59 -62
39 -66 -58 -62
40 -66 -57 -61.5
41 -63 -56 -59.5
42 -63 -56 -59.5
43 -61 -56 -58.5
44 -59 -56 -57.5
45 -58 -56 -57
46 -57 -56 -56.5
47 -57 -56 -56.5
48 -56 -56 -56
49 -56 -56 -56
50 -56 -56 -56
51 -56 -57 -56.5
52 -56 -59 -57.5
53 -56 -61 -58.5
54 -56 -62 -59
55 -56 -64 -60
56 -57 -66 -61.5
57 -58 -67 -62.5
58 -59 -67 -63
59 -62 -67 -64.5
60 -64 -67 -65.5
61 -65 -68 -66.5
62 -68 -68 -68
63 -69 -69 -69
64 -70 -70 -70
65 -71 -72 -71.5
66 -72 -73 -72.5
67 -71 -74 -72.5
68 -70 -73 -71.5
69 -70 -70 -70
70 -70 -70 -70
71 -69 -67 -68
72 -69 -67 -68
73 -67 -65 -66
74 -67 -64 -65.5
75 -64 -63 -63.5
76 -63 -62 -62.5
77 -62 -60 -61
78 -61 -59 -60
79 -61 -58 -59.5
80 -61 -58 -59.5
81 -60 -58 -59
82 -60 -58 -59
83 -59 -58 -58.5
84 -58 -59 -58.5
85 -58 -57 -57.5
86 -57 -57 -57
87 -57 -57 -57
88 -57 -57 -57
89 -57 -57 -57
90 -57 -57 -57
91 -57 -57 -57
92 -57 -57 -57
93 -57 -57 -57
94 -57 -57 -57
95 -57 -57 -57
96 -57 -57 -57

#0_5_2
1 -52 -50 -51
2 -52 -50 -51
3 -52 -50 -51
4 -52 -50 -51
5 -52 -50 -51
6 -53 -50 -51.5
7 -53 -50 -51.5
8 -54 -50 -52
9 -54 -51 -52.5
10 -54 -51 -52.5
11 -54 -51 -52.5
12 -54 -55 -54.5
13 -54 -55 -54.5
14 -57 -55 -56
15 -56 -55 -55.5
16 -56 -55 -55.5
17 -56 -56 -56
18 -56 -57 -56.5
19 -56 -57 -56.5
20 -56 -57 -56.5
21 -56 -57 -56.5
22 -56 -57 -56.5
23 -56 -58 -57
24 -56 -58 -57
25 -56 -59 -57.5
26 -56 -59 -57.5
27 -57 -59 -58
28 -57 -59 -58
29 -55 -60 -57.5
30 -55 -60 -57.5
31 -58 -60 -59
32 -58 -60 -59
33 -58 -59 -58.5
34 -59 -59 -59
35 -60 -59 -59.5
36 -60 -59 -59.5
37 -63 -57 -60
38 -64 -57 -60.5
39 -66 -56 -61
40 -67 -56 -61.5
41 -66 -56 -61
42 -64 -56 -60
43 -62 -56 -59
44 -59 -56 -57.5
45 -58 -56 -57
46 -57 -56 -56.5
47 -57 -56 -56.5
48 -56 -56 -56
49 -56 -56 -56
50 -56 -56 -56
51 -55 -59 -57
52 -55 -61 -58
53 -55 -61 -58
54 -55 -62 -58.5
55 -56 -63 -59.5
56 -57 -65 -61
57 -59 -65 -62
58 -62 -65 -63.5
59 -63 -65 -64
60 -66 -65 -65.5
61 -68 -65 -66.5
62 -68 -67 -67.5
63 -68 -69 -68.5
64 -67 -70 -68.5
65 -65 -72 -68.5
66 -65 -72 -68.5
67 -67 -72 -69.5
68 -67 -72 -69.5
69 -67 -70 -68.5
70 -67 -69 -68
71 -67 -68 -67.5
72 -65 -67 -66
73 -65 -66 -65.5
74 -63 -65 -64
75 -63 -62 -62.5
76 -62 -62 -62
77 -61 -60 -60.5
78 -61 -60 -60.5
79 -61 -58 -59.5
80 -60 -57 -58.5
81 -60 -56 -58
82 -60 -56 -58
83 -59 -56 -57.5
84 -58 -56 -57
85 -58 -56 -57
86 -57 -56 -56.5
87 -57 -56 -56.5
88 -57 -56 -56.5
89 -57 -56 -56.5
90 -57 -56 -56.5
91 -57 -56 -56.5
92 -57 -57 -57
93 -57 -57 -57
94 -57 -57 -57
95 -57 -57 -57
96 -57 -57 -57

#0_6_1
1 -50 -52 -51
2 -50 -52 -51
3 -51 -53 -52
4 -51 -54 -52.5
5 -53 -55 -54
6 -53 -56 -54.5
7 -53 -56 -54.5
8 -53 -56 -54.5
9 -53 -56 -54.5
10 -54 -56 -55
11 -55 -57 -56
12 -55 -57 -56
13 -57 -57 -57
14 -57 -57 -57
15 -57 -57 -57
16 -57 -57 -57
17 -57 -58 -57.5
18 -57 -58 -57.5
19 -57 -58 -57.5
20 -57 -59 -58
21 -57 -60 -58.5
22 -57 -61 -59
23 -57 -61 -59
24 -57 -62 -59.5
25 -58 -62 -60
26 -58 -63 -60.5
27 -58 -64 -61
28 -58 -65 -61.5
29 -58 -66 -62
30 -59 -66 -62.5
31 -61 -66 -63.5
32 -62 -66 -64
33 -63 -66 -64.5
34 -63 -66 -64.5
35 -63 -66 -64.5
36 -66 -66 -66
37 -67 -65 -66
38 -67 -62 -64.5
39 -68 -61 -64.5
40 -68 -58 -63
41 -66 -58 -62
42 -66 -58 -62
43 -65 -58 -61.5
44 -63 -58 -60.5
45 -62 -58 -60
46 -61 -58 -59.5
47 -61 -59 -60
48 -60 -59 -59.5
49 -60 -59 -59.5
50 -59 -59 -59
51 -59 -60 -59.5
52 -59 -61 -60
53 -59 -61 -60
54 -58 -63 -60.5
55 -58 -65 -61.5
56 -58 -68 -63
57 -59 -69 -64
58 -62 -71 -66.5
59 -63 -69 -66
60 -65 -68 -66.5
61 -65 -68 -66.5
62 -67 -65 -66
63 -70 -65 -67.5
64 -70 -66 -68
65 -69 -66 -67.5
66 -68 -67 -67.5
67 -66 -67 -66.5
68 -66 -67 -66.5
69 -66 -69 -67.5
70 -66 -69 -67.5
71 -66 -69 -67.5
72 -66 -70 -68
73 -67 -71 -69
74 -70 -70 -70
75 -71 -68 -69.5
76 -72 -67 -69.5
77 -71 -66 -68.5
78 -69 -64 -66.5
79 -69 -62 -65.5
80 -66 -61 -63.5
81 -64 -61 -62.5
82 -64 -61 -62.5
83 -62 -61 -61.5
84 -62 -61 -61.5
85 -61 -61 -61
86 -61 -61 -61
87 -61 -61 -61
88 -61 -61 -61
89 -61 -61 -61
90 -61 -61 -61
91 -61 -62 -61.5
92 -61 -62 -61.5
93 -61 -62 -61.5
94 -61 -62 -61.5
95 -61 -61 -61
96 -61 -61 -61

#0_6_2
1 -51 -51 -51
2 -51 -51 -51
3 -51 -52 -51.5
4 -51 -53 -52
5 -50 -53 -51.5
6 -51 -53 -52
7 -51 -55 -53
8 -52 -54 -53
9 -53 -55 -54
10 -53 -58 -55.5
11 -54 -55 -54.5
12 -54 -56 -55
13 -55 -57 -56
14 -57 -59 -58
15 -58 -59 -58.5
16 -59 -59 -59
17 -65 -60 -62.5
18 -66 -60 -63
19 -66 -60 -63
20 -65 -60 -62.5
21 -63 -60 -61.5
22 -63 -60 -61.5
23 -62 -60 -61
24 -61 -60 -60.5
25 -61 -60 -60.5
26 -61 -61 -61
27 -60 -61 -60.5
28 -60 -61 -60.5
29 -60 -62 -61
30 -60 -62 -61
31 -60 -64 -62
32 -60 -64 -62
33 -60 -64 -62
34 -60 -65 -62.5
35 -60 -65 -62.5
36 -60 -65 -62.5
37 -60 -65 -62.5
38 -60 -65 -62.5
39 -60 -64 -62
40 -61 -62 -61.5
41 -62 -62 -62
42 -63 -60 -61.5
43 -63 -58 -60.5
44 -63 -58 -60.5
45 -63 -57 -60
46 -62 -57 -59.5
47 -61 -57 -59
48 -60 -57 -58.5
49 -60 -58 -59
50 -60 -58 -59
51 -59 -58 -58.5
52 -58 -58 -58
53 -58 -58 -58
54 -58 -59 -58.5
55 -58 -60 -59
56 -58 -60 -59
57 -58 -60 -59
58 -58 -61 -59.5
59 -58 -63 -60.5
60 -58 -64 -61
61 -58 -65 -61.5
62 -59 -66 -62.5
63 -59 -69 -64
64 -59 -70 -64.5
65 -61 -70 -65.5
66 -66 -70 -68
67 -68 -69 -68.5
68 -71 -67 -69
69 -71 -67 -69
70 -71 -65 -68
71 -70 -65 -67.5
72 -70 -64 -67
73 -69 -63 -66
74 -69 -63 -66
75 -67 -62 -64.5
76 -66 -62 -64
77 -66 -62 -64
78 -65 -62 -63.5
79 -65 -62 -63.5
80 -65 -62 -63.5
81 -65 -62 -63.5
82 -64 -62 -63
83 -64 -62 -63
84 -67 -62 -64.5
85 -68 -62 -65
86 -66 -62 -64
87 -62 -62 -62
88 -62 -62 -62
89 -62 -62 -62
90 -62 -62 -62
91 -62 -60 -61
92 -62 -60 -61
93 -62 -60 -61
94 -63 -60 -61.5
95 -61 -60 -60.5
96 -60 -60 -60

#0_7_1
1 -54 -56 -55
2 -54 -56 -55
3 -54 -56 -55
4 -54 -56 -55
5 -54 -56 -55
6 -55 -56 -55.5
7 -55 -56 -55.5
8 -55 -56 -55.5
9 -55 -56 -55.5
10 -55 -56 -55.5
11 -55 -56 -55.5
12 -55 -56 -55.5
13 -55 -56 -55.5
14 -56 -56 -56
15 -56 -56 -56
16 -56 -56 -56
17 -57 -57 -57
18 -57 -56 -56.5
19 -57 -56 -56.5
20 -57 -56 -56.5
21 -57 -56 -56.5
22 -57 -56 -56.5
23 -57 -56 -56.5
24 -57 -57 -57
25 -57 -57 -57
26 -57 -57 -57
27 -60 -58 -59
28 -60 -59 -59.5
29 -59 -59 -59
30 -59 -60 -59.5
31 -58 -61 -59.5
32 -58 -61 -59.5
33 -58 -63 -60.5
34 -58 -65 -61.5
35 -58 -65 -61.5
36 -58 -68 -63
37 -59 -69 -64
38 -59 -69 -64
39 -61 -69 -65
40 -61 -67 -64
41 -62 -67 -64.5
42 -63 -67 -65
43 -63 -66 -64.5
44 -62 -64 -63
45 -61 -64 -62.5
46 -59 -63 -61
47 -59 -61 -60
48 -59 -60 -59.5
49 -59 -60 -59.5
50 -58 -60 -59
51 -58 -60 -59
52 -58 -60 -59
53 -57 -60 -58.5
54 -57 -60 -58.5
55 -57 -60 -58.5
56 -57 -60 -58.5
57 -58 -60 -59
58 -59 -61 -60
59 -59 -61 -60
60 -62 -62 -62
61 -62 -62 -62
62 -62 -63 -62.5
63 -64 -64 -64
64 -64 -64 -64
65 -65 -67 -66
66 -66 -68 -67
67 -66 -68 -67
68 -67 -69 -68
69 -68 -69 -68.5
70 -70 -70 -70
71 -71 -70 -70.5
72 -72 -66 -69
73 -72 -63 -67.5
74 -71 -61 -66
75 -69 -60 -64.5
76 -69 -59 -64
77 -67 -59 -63
78 -65 -59 -62
79 -64 -59 -61.5
80 -64 -60 -62
81 -64 -61 -62.5
82 -64 -62 -63
83 -64 -63 -63.5
84 -64 -64 -64
85 -64 -65 -64.5
86 -64 -66 -65
87 -65 -69 -67
88 -65 -69 -67
89 -65 -70 -67.5
90 -66 -72 -69
91 -66 -73 -69.5
92 -67 -73 -70
93 -68 -73 -70.5
94 -70 -72 -71
95 -70 -72 -71
96 -71 -71 -71

#0_7_2
1 -53 -55 -54
2 -53 -55 -54
3 -53 -56 -54.5
4 -53 -56 -54.5
5 -53 -56 -54.5
6 -54 -56 -55
7 -54 -56 -55
8 -54 -56 -55
9 -55 -56 -55.5
10 -55 -56 -55.5
11 -55 -56 -55.5
12 -55 -56 -55.5
13 -55 -56 -55.5
14 -55 -56 -55.5
15 -56 -56 -56
16 -56 -56 -56
17 -56 -56 -56
18 -56 -56 -56
19 -56 -56 -56
20 -56 -56 -56
21 -56 -56 -56
22 -56 -56 -56
23 -56 -56 -56
24 -56 -56 -56
25 -56 -56 -56
26 -57 -56 -56.5
27 -57 -57 -57
28 -57 -57 -57
29 -57 -58 -57.5
30 -57 -59 -58
31 -57 -59 -58
32 -57 -61 -59
33 -57 -61 -59
34 -59 -61 -60
35 -59 -63 -61
36 -59 -64 -61.5
37 -61 -64 -62.5
38 -62 -65 -63.5
39 -63 -65 -64
40 -65 -65 -65
41 -67 -64 -65.5
42 -68 -64 -66
43 -67 -64 -65.5
44 -66 -64 -65
45 -66 -62 -64
46 -65 -61 -63
47 -64 -61 -62.5
48 -63 -60 -61.5
49 -62 -60 -61
50 -61 -60 -60.5
51 -59 -60 -59.5
52 -59 -61 -60
53 -58 -61 -59.5
54 -58 -61 -59.5
55 -63 -61 -62
56 -60 -61 -60.5
57 -60 -61 -60.5
58 -60 -61 -60.5
59 -61 -63 -62
60 -61 -63 -62
61 -61 -63 -62
62 -62 -64 -63
63 -63 -65 -64
64 -63 -66 -64.5
65 -65 -69 -67
66 -68 -70 -69
67 -70 -70 -70
68 -71 -74 -72.5
69 -72 -77 -74.5
70 -74 -75 -74.5
71 -75 -75 -75
72 -75 -70 -72.5
73 -73 -66 -69.5
74 -72 -63 -67.5
75 -69 -61 -65
76 -66 -61 -63.5
77 -65 -61 -63
78 -63 -61 -62
79 -63 -61 -62
80 -62 -61 -61.5
81 -61 -62 -61.5
82 -61 -62 -61.5
83 -61 -62 -61.5
84 -61 -62 -61.5
85 -61 -63 -62
86 -61 -63 -62
87 -61 -63 -62
88 -61 -64 -62.5
89 -61 -66 -63.5
90 -61 -67 -64
91 -61 -67 -64
92 -61 -68 -64.5
93 -62 -67 -64.5
94 -63 -67 -65
95 -66 -66 -66
96 -66 -66 -66

#0_8_1
1 -64 -74 -69
2 -65 -74 -69.5
3 -65 -73 -69
4 -65 -74 -69.5
5 -65 -73 -69
6 -66 -72 -69
7 -67 -72 -69.5
8 -67 -70 -68.5
9 -67 -71 -69
10 -67 -69 -68
11 -67 -67 -67
12 -66 -68 -67
13 -66 -66 -66
14 -66 -66 -66
15 -66 -64 -65
16 -66 -64 -65
17 -66 -63 -64.5
18 -66 -62 -64
19 -66 -61 -63.5
20 -65 -61 -63
21 -64 -61 -62.5
22 -64 -61 -62.5
23 -63 -61 -62
24 -62 -61 -61.5
25 -62 -61 -61.5
26 -62 -61 -61.5
27 -61 -61 -61
28 -61 -62 -61.5
29 -61 -62 -61.5
30 -61 -62 -61.5
31 -60 -64 -62
32 -60 -64 -62
33 -60 -66 -63
34 -60 -66 -63
35 -60 -66 -63
36 -60 -65 -62.5
37 -60 -65 -62.5
38 -62 -65 -63.5
39 -63 -63 -63
40 -67 -62 -64.5
41 -72 -62 -67
42 -74 -62 -68
43 -72 -62 -67
44 -68 -62 -65
45 -66 -62 -64
46 -64 -62 -63
47 -63 -62 -62.5
48 -62 -62 -62
49 -62 -64 -63
50 -61 -64 -62.5
51 -60 -65 -62.5
52 -61 -66 -63.5
53 -61 -67 -64
54 -61 -70 -65.5
55 -61 -72 -66.5
56 -62 -72 -67
57 -62 -74 -68
58 -61 -75 -68
59 -61 -75 -68
60 -61 -76 -68.5
61 -61 -74 -67.5
62 -61 -71 -66
63 -62 -70 -66
64 -63 -69 -66
65 -65 -68 -66.5
66 -68 -67 -67.5
67 -71 -67 -69
68 -73 -66 -69.5
69 -74 -63 -68.5
70 -74 -65 -69.5
71 -72 -65 -68.5
72 -70 -63 -66.5
73 -67 -63 -65
74 -67 -63 -65
75 -65 -63 -64
76 -65 -63 -64
77 -64 -63 -63.5
78 -63 -63 -63
79 -63 -63 -63
80 -63 -63 -63
81 -63 -61 -62
82 -63 -61 -62
83 -62 -61 -61.5
84 -63 -60 -61.5
85 -63 -61 -62
86 -64 -61 -62.5
87 -63 -61 -62
88 -65 -61 -63
89 -64 -61 -62.5
90 -64 -60 -62
91 -63 -60 -61.5
92 -62 -60 -61
93 -61 -60 -60.5
94 -61 -60 -60.5
95 -61 -60 -60.5
96 -60 -60 -60

#0_8_2
1 -75 -68 -71.5
2 -74 -69 -71.5
3 -74 -70 -72
4 -74 -69 -71.5
5 -74 -68 -71
6 -75 -68 -71.5
7 -75 -67 -71
8 -75 -65 -70
9 -76 -65 -70.5
10 -76 -64 -70
11 -76 -63 -69.5
12 -75 -63 -69
13 -70 -62 -66
14 -70 -62 -66
15 -70 -61 -65.5
16 -68 -61 -64.5
17 -67 -60 -63.5
18 -66 -60 -63
19 -65 -60 -62.5
20 -64 -60 -62
21 -63 -60 -61.5
22 -63 -60 -61.5
23 -62 -60 -61
24 -60 -60 -60
25 -60 -60 -60
26 -60 -60 -60
27 -59 -61 -60
28 -59 -61 -60
29 -59 -61 -60
30 -59 -61 -60
31 -59 -62 -60.5
32 -58 -64 -61
33 -58 -64 -61
34 -58 -65 -61.5
35 -58 -65 -61.5
36 -58 -66 -62
37 -59 -66 -62.5
38 -59 -66 -62.5
39 -62 -66 -64
40 -63 -67 -65
41 -67 -65 -66
42 -70 -65 -67.5
43 -72 -65 -68.5
44 -72 -65 -68.5
45 -68 -65 -66.5
46 -67 -65 -66
47 -64 -65 -64.5
48 -63 -66 -64.5
49 -62 -66 -64
50 -61 -66 -63.5
51 -61 -67 -64
52 -61 -68 -64.5
53 -61 -70 -65.5
54 -61 -70 -65.5
55 -61 -71 -66
56 -61 -73 -67
57 -61 -73 -67
58 -61 -72 -66.5
59 -62 -72 -67
60 -63 -71 -67
61 -64 -73 -68.5
62 -66 -73 -69.5
63 -68 -75 -71.5
64 -69 -75 -72
65 -69 -73 -71
66 -72 -71 -71.5
67 -77 -70 -73.5
68 -79 -68 -73.5
69 -80 -68 -74
70 -79 -67 -73
71 -77 -66 -71.5
72 -73 -64 -68.5
73 -69 -62 -65.5
74 -67 -61 -64
75 -66 -60 -63
76 -65 -59 -62
77 -64 -59 -61.5
78 -63 -59 -61
79 -63 -59 -61
80 -62 -59 -60.5
81 -61 -59 -60
82 -61 -59 -60
83 -61 -59 -60
84 -61 -59 -60
85 -60 -59 -59.5
86 -60 -59 -59.5
87 -60 -59 -59.5
88 -60 -59 -59.5
89 -59 -60 -59.5
90 -59 -60 -59.5
91 -59 -60 -59.5
92 -59 -60 -59.5
93 -59 -59 -59
94 -59 -59 -59
95 -59 -59 -59
96 -59 -59 -59

#0_9_1
1 -51 -51 -51
2 -52 -51 -51.5
3 -52 -51 -51.5
4 -52 -53 -52.5
5 -52 -54 -53
6 -52 -54 -53
7 -53 -54 -53.5
8 -52 -55 -53.5
9 -52 -55 -53.5
10 -53 -56 -54.5
11 -53 -57 -55
12 -54 -57 -55.5
13 -54 -57 -55.5
14 -54 -58 -56
15 -54 -58 -56
16 -54 -58 -56
17 -54 -58 -56
18 -55 -60 -57.5
19 -55 -60 -57.5
20 -58 -61 -59.5
21 -58 -61 -59.5
22 -57 -61 -59
23 -57 -61 -59
24 -57 -61 -59
25 -57 -61 -59
26 -57 -61 -59
27 -57 -61 -59
28 -58 -61 -59.5
29 -58 -61 -59.5
30 -58 -62 -60
31 -58 -62 -60
32 -59 -62 -60.5
33 -59 -62 -60.5
34 -59 -62 -60.5
35 -59 -62 -60.5
36 -59 -62 -60.5
37 -61 -62 -61.5
38 -62 -61 -61.5
39 -62 -62 -62
40 -62 -63 -62.5
41 -62 -63 -62.5
42 -62 -63 -62.5
43 -62 -62 -62
44 -61 -62 -61.5
45 -61 -62 -61.5
46 -61 -60 -60.5
47 -61 -60 -60.5
48 -61 -60 -60.5
49 -61 -60 -60.5
50 -61 -60 -60.5
51 -61 -60 -60.5
52 -61 -60 -60.5
53 -61 -60 -60.5
54 -61 -60 -60.5
55 -61 -61 -61
56 -61 -61 -61
57 -61 -61 -61
58 -61 -61 -61
59 -61 -61 -61
60 -61 -61 -61
61 -61 -62 -61.5
62 -61 -62 -61.5
63 -61 -62 -61.5
64 -61 -64 -62.5
65 -61 -64 -62.5
66 -61 -67 -64
67 -61 -67 -64
68 -63 -67 -65
69 -65 -67 -66
70 -66 -68 -67
71 -66 -71 -68.5
72 -67 -72 -69.5
73 -69 -71 -70
74 -71 -69 -70
75 -74 -66 -70
76 -74 -66 -70
77 -74 -64 -69
78 -73 -64 -68.5
79 -70 -64 -67
80 -68 -64 -66
81 -66 -64 -65
82 -66 -65 -65.5
83 -67 -68 -67.5
84 -67 -68 -67.5
85 -67 -70 -68.5
86 -67 -70 -68.5
87 -68 -70 -69
88 -69 -68 -68.5
89 -68 -66 -67
90 -69 -66 -67.5
91 -70 -66 -68
92 -70 -66 -68
93 -70 -66 -68
94 -68 -66 -67
95 -67 -66 -66.5
96 -66 -66 -66

#0_9_2
1 -50 -52 -51
2 -51 -52 -51.5
3 -51 -52 -51.5
4 -51 -53 -52
5 -51 -53 -52
6 -51 -53 -52
7 -51 -54 -52.5
8 -52 -55 -53.5
9 -52 -56 -54
10 -52 -56 -54
11 -52 -56 -54
12 -52 -57 -54.5
13 -53 -57 -55
14 -53 -57 -55
15 -53 -57 -55
16 -53 -57 -55
17 -54 -57 -55.5
18 -55 -57 -56
19 -55 -57 -56
20 -55 -57 -56
21 -55 -57 -56
22 -55 -57 -56
23 -55 -58 -56.5
24 -55 -59 -57
25 -55 -59 -57
26 -56 -59 -57.5
27 -56 -59 -57.5
28 -56 -60 -58
29 -56 -60 -58
30 -56 -61 -58.5
31 -56 -61 -58.5
32 -56 -61 -58.5
33 -56 -61 -58.5
34 -56 -61 -58.5
35 -56 -61 -58.5
36 -57 -61 -59
37 -58 -61 -59.5
38 -58 -61 -59.5
39 -59 -61 -60
40 -59 -61 -60
41 -59 -61 -60
42 -59 -61 -60
43 -59 -61 -60
44 -59 -61 -60
45 -59 -61 -60
46 -60 -62 -61
47 -60 -62 -61
48 -60 -62 -61
49 -60 -62 -61
50 -60 -62 -61
51 -62 -63 -62.5
52 -62 -63 -62.5
53 -62 -63 -62.5
54 -62 -63 -62.5
55 -62 -63 -62.5
56 -62 -63 -62.5
57 -62 -64 -63
58 -62 -64 -63
59 -62 -64 -63
60 -62 -64 -63
61 -62 -64 -63
62 -62 -64 -63
63 -62 -64 -63
64 -62 -64 -63
65 -62 -65 -63.5
66 -62 -66 -64
67 -63 -67 -65
68 -67 -70 -68.5
69 -68 -73 -70.5
70 -70 -75 -72.5
71 -68 -74 -71
72 -72 -71 -71.5
73 -72 -69 -70.5
74 -72 -66 -69
75 -73 -64 -68.5
76 -75 -64 -69.5
77 -73 -64 -68.5
78 -70 -64 -67
79 -67 -64 -65.5
80 -66 -64 -65
81 -66 -65 -65.5
82 -65 -66 -65.5
83 -64 -66 -65
84 -64 -66 -65
85 -64 -66 -65
86 -64 -66 -65
87 -64 -66 -65
88 -64 -63 -63.5
89 -64 -62 -63
90 -65 -61 -63
91 -66 -61 -63.5
92 -66 -61 -63.5
93 -65 -61 -63
94 -64 -61 -62.5
95 -63 -61 -62
96 -61 -61 -61

#0_10_1
1 -55 -57 -56
2 -55 -57 -56
3 -55 -57 -56
4 -55 -57 -56
5 -55 -57 -56
6 -55 -57 -56
7 -55 -57 -56
8 -55 -58 -56.5
9 -55 -58 -56.5
10 -56 -58 -57
11 -56 -58 -57
12 -56 -58 -57
13 -56 -59 -57.5
14 -56 -60 -58
15 -57 -60 -58.5
16 -57 -61 -59
17 -57 -61 -59
18 -57 -63 -60
19 -57 -63 -60
20 -58 -65 -61.5
21 -58 -65 -61.5
22 -59 -65 -62
23 -60 -64 -62
24 -60 -64 -62
25 -61 -64 -62.5
26 -61 -64 -62.5
27 -62 -64 -63
28 -62 -64 -63
29 -63 -65 -64
30 -63 -65 -64
31 -63 -65 -64
32 -63 -65 -64
33 -63 -65 -64
34 -63 -66 -64.5
35 -63 -66 -64.5
36 -63 -66 -64.5
37 -63 -66 -64.5
38 -63 -66 -64.5
39 -64 -66 -65
40 -64 -66 -65
41 -64 -67 -65.5
42 -64 -68 -66
43 -64 -68 -66
44 -64 -68 -66
45 -64 -69 -66.5
46 -65 -69 -67
47 -66 -70 -68
48 -66 -70 -68
49 -66 -71 -68.5
50 -66 -71 -68.5
51 -66 -71 -68.5
52 -67 -71 -69
53 -67 -72 -69.5
54 -67 -73 -70
55 -67 -73 -70
56 -67 -76 -71.5
57 -67 -78 -72.5
58 -67 -78 -72.5
59 -70 -76 -73
60 -70 -74 -72
61 -70 -74 -72
62 -74 -77 -75.5
63 -77 -77 -77
64 -79 -75 -77
65 -77 -74 -75.5
66 -78 -72 -75
67 -79 -70 -74.5
68 -76 -68 -72
69 -71 -68 -69.5
70 -68 -68 -68
71 -67 -67 -67
72 -67 -66 -66.5
73 -67 -65 -66
74 -67 -65 -66
75 -67 -64 -65.5
76 -66 -64 -65
77 -65 -64 -64.5
78 -65 -64 -64.5
79 -63 -64 -63.5
80 -63 -64 -63.5
81 -63 -64 -63.5
82 -63 -64 -63.5
83 -63 -64 -63.5
84 -63 -64 -63.5
85 -63 -64 -63.5
86 -63 -65 -64
87 -63 -66 -64.5
88 -63 -66 -64.5
89 -63 -66 -64.5
90 -63 -66 -64.5
91 -64 -66 -65
92 -64 -66 -65
93 -64 -66 -65
94 -66 -66 -66
95 -66 -65 -65.5
96 -66 -66 -66

#0_10_2
1 -59 -58 -58.5
2 -59 -58 -58.5
3 -59 -58 -58.5
4 -59 -58 -58.5
5 -60 -58 -59
6 -60 -58 -59
7 -60 -58 -59
8 -60 -59 -59.5
9 -60 -59 -59.5
10 -60 -59 -59.5
11 -60 -59 -59.5
12 -60 -59 -59.5
13 -60 -60 -60
14 -60 -61 -60.5
15 -60 -61 -60.5
16 -60 -63 -61.5
17 -61 -63 -62
18 -61 -63 -62
19 -61 -63 -62
20 -61 -63 -62
21 -62 -63 -62.5
22 -64 -62 -63
23 -64 -62 -63
24 -63 -60 -61.5
25 -63 -60 -61.5
26 -63 -59 -61
27 -62 -59 -60.5
28 -61 -59 -60
29 -60 -59 -59.5
30 -60 -59 -59.5
31 -60 -59 -59.5
32 -60 -59 -59.5
33 -60 -61 -60.5
34 -59 -62 -60.5
35 -59 -62 -60.5
36 -59 -63 -61
37 -59 -66 -62.5
38 -59 -66 -62.5
39 -59 -66 -62.5
40 -59 -67 -63
41 -59 -69 -64
42 -60 -69 -64.5
43 -61 -69 -65
44 -61 -70 -65.5
45 -62 -70 -66
46 -62 -71 -66.5
47 -64 -71 -67.5
48 -67 -73 -70
49 -70 -74 -72
50 -70 -75 -72.5
51 -70 -71 -70.5
52 -68 -66 -67
53 -67 -68 -67.5
54 -65 -70 -67.5
55 -64 -71 -67.5
56 -63 -71 -67
57 -64 -72 -68
58 -64 -72 -68
59 -63 -73 -68
60 -63 -73 -68
61 -63 -74 -68.5
62 -63 -74 -68.5
63 -64 -73 -68.5
64 -65 -70 -67.5
65 -65 -68 -66.5
66 -65 -68 -66.5
67 -65 -68 -66.5
68 -65 -68 -66.5
69 -65 -67 -66
70 -65 -66 -65.5
71 -65 -65 -65
72 -65 -65 -65
73 -65 -63 -64
74 -65 -64 -64.5
75 -65 -62 -63.5
76 -65 -62 -63.5
77 -64 -66 -65
78 -64 -66 -65
79 -65 -67 -66
80 -68 -67 -67.5
81 -68 -66 -67
82 -70 -66 -68
83 -72 -66 -69
84 -72 -68 -70
85 -73 -68 -70.5
86 -73 -68 -70.5
87 -73 -68 -70.5
88 -73 -68 -70.5
89 -74 -66 -70
90 -72 -65 -68.5
91 -71 -66 -68.5
92 -69 -66 -67.5
93 -68 -66 -67
94 -67 -66 -66.5
95 -67 -66 -66.5
96 -67 -67 -67

#0_11_1
1 -66 -63 -64.5
2 -63 -63 -63
3 -63 -63 -63
4 -63 -63 -63
5 -63 -63 -63
6 -63 -63 -63
7 -63 -63 -63
8 -63 -63 -63
9 -63 -63 -63
10 -63 -63 -63
11 -63 -63 -63
12 -63 -61 -62
13 -63 -61 -62
14 -64 -61 -62.5
15 -64 -60 -62
16 -64 -60 -62
17 -64 -60 -62
18 -64 -60 -62
19 -64 -60 -62
20 -64 -60 -62
21 -63 -60 -61.5
22 -62 -60 -61
23 -62 -60 -61
24 -61 -61 -61
25 -60 -61 -60.5
26 -59 -61 -60
27 -59 -62 -60.5
28 -59 -63 -61
29 -59 -64 -61.5
30 -59 -66 -62.5
31 -59 -68 -63.5
32 -59 -69 -64
33 -60 -69 -64.5
34 -61 -70 -65.5
35 -63 -70 -66.5
36 -65 -71 -68
37 -67 -71 -69
38 -69 -73 -71
39 -69 -76 -72.5
40 -71 -73 -72
41 -74 -71 -72.5
42 -75 -68 -71.5
43 -77 -65 -71
44 -77 -61 -69
45 -77 -61 -69
46 -78 -61 -69.5
47 -78 -61 -69.5
48 -73 -61 -67
49 -69 -61 -65
50 -66 -61 -63.5
51 -64 -61 -62.5
52 -64 -63 -63.5
53 -64 -63 -63.5
54 -63 -64 -63.5
55 -62 -64 -63
56 -63 -64 -63.5
57 -63 -65 -64
58 -63 -65 -64
59 -63 -65 -64
60 -64 -65 -64.5
61 -65 -66 -65.5
62 -65 -67 -66
63 -67 -67 -67
64 -68 -67 -67.5
65 -68 -67 -67.5
66 -68 -67 -67.5
67 -67 -68 -67.5
68 -68 -68 -68
69 -68 -67 -67.5
70 -68 -69 -68.5
71 -68 -69 -68.5
72 -68 -69 -68.5
73 -69 -69 -69
74 -69 -68 -68.5
75 -69 -68 -68.5
76 -70 -67 -68.5
77 -70 -66 -68
78 -70 -65 -67.5
79 -70 -64 -67
80 -70 -63 -66.5
81 -70 -62 -66
82 -67 -61 -64
83 -66 -61 -63.5
84 -64 -61 -62.5
85 -64 -61 -62.5
86 -64 -61 -62.5
87 -63 -61 -62
88 -62 -61 -61.5
89 -62 -61 -61.5
90 -62 -61 -61.5
91 -62 -61 -61.5
92 -61 -61 -61
93 -61 -61 -61
94 -61 -61 -61
95 -61 -61 -61
96 -61 -61 -61

#0_11_2
1 -63 -63 -63
2 -63 -63 -63
3 -64 -62 -63
4 -64 -62 -63
5 -64 -62 -63
6 -65 -64 -64.5
7 -65 -66 -65.5
8 -65 -67 -66
9 -65 -67 -66
10 -65 -67 -66
11 -65 -67 -66
12 -65 -65 -65
13 -65 -65 -65
14 -64 -65 -64.5
15 -64 -64 -64
16 -65 -63 -64
17 -63 -61 -62
18 -64 -61 -62.5
19 -64 -61 -62.5
20 -63 -60 -61.5
21 -64 -60 -62
22 -66 -61 -63.5
23 -65 -61 -63
24 -63 -61 -62
25 -62 -61 -61.5
26 -61 -61 -61
27 -61 -63 -62
28 -61 -64 -62.5
29 -61 -65 -63
30 -61 -67 -64
31 -61 -68 -64.5
32 -62 -68 -65
33 -62 -69 -65.5
34 -62 -72 -67
35 -65 -73 -69
36 -66 -73 -69.5
37 -70 -74 -72
38 -74 -75 -74.5
39 -74 -76 -75
40 -73 -78 -75.5
41 -73 -78 -75.5
42 -68 -74 -71
43 -67 -70 -68.5
44 -65 -67 -66
45 -65 -66 -65.5
46 -65 -66 -65.5
47 -65 -66 -65.5
48 -65 -66 -65.5
49 -66 -66 -66
50 -70 -68 -69
51 -73 -70 -71.5
52 -72 -70 -71
53 -65 -71 -68
54 -65 -71 -68
55 -68 -72 -70
56 -68 -71 -69.5
57 -68 -72 -70
58 -68 -72 -70
59 -69 -72 -70.5
60 -70 -71 -70.5
61 -71 -73 -72
62 -73 -72 -72.5
63 -73 -70 -71.5
64 -71 -70 -70.5
65 -71 -70 -70.5
66 -74 -70 -72
67 -75 -70 -72.5
68 -75 -68 -71.5
69 -75 -65 -70
70 -72 -65 -68.5
71 -71 -64 -67.5
72 -69 -63 -66
73 -67 -63 -65
74 -65 -62 -63.5
75 -64 -61 -62.5
76 -63 -60 -61.5
77 -63 -59 -61
78 -61 -59 -60
79 -62 -59 -60.5
80 -61 -59 -60
81 -61 -59 -60
82 -61 -59 -60
83 -61 -59 -60
84 -61 -59 -60
85 -61 -59 -60
86 -60 -59 -59.5
87 -59 -60 -59.5
88 -59 -63 -61
89 -59 -58 -58.5
90 -59 -58 -58.5
91 -59 -58 -58.5
92 -59 -58 -58.5
93 -60 -58 -59
94 -60 -59 -59.5
95 -59 -59 -59
96 -59 -59 -59

#0_12_1
1 -65 -67 -66
2 -64 -73 -68.5
3 -64 -76 -70
4 -67 -74 -70.5
5 -66 -74 -70
6 -68 -74 -71
7 -69 -72 -70.5
8 -71 -71 -71
9 -71 -71 -71
10 -75 -70 -72.5
11 -75 -71 -73
12 -75 -68 -71.5
13 -76 -67 -71.5
14 -76 -67 -71.5
15 -75 -66 -70.5
16 -75 -65 -70
17 -76 -64 -70
18 -71 -64 -67.5
19 -71 -64 -67.5
20 -71 -64 -67.5
21 -71 -64 -67.5
22 -71 -64 -67.5
23 -71 -64 -67.5
24 -73 -64 -68.5
25 -74 -64 -69
26 -75 -64 -69.5
27 -74 -64 -69
28 -74 -64 -69
29 -75 -64 -69.5
30 -75 -66 -70.5
31 -75 -66 -70.5
32 -76 -66 -71
33 -75 -64 -69.5
34 -77 -64 -70.5
35 -72 -64 -68
36 -72 -64 -68
37 -75 -64 -69.5
38 -75 -64 -69.5
39 -75 -64 -69.5
40 -74 -64 -69
41 -71 -64 -67.5
42 -71 -64 -67.5
43 -71 -64 -67.5
44 -69 -64 -66.5
45 -66 -64 -65
46 -65 -65 -65
47 -65 -65 -65
48 -63 -64 -63.5
49 -63 -64 -63.5
50 -62 -66 -64
51 -62 -70 -66
52 -61 -69 -65
53 -61 -71 -66
54 -62 -75 -68.5
55 -62 -76 -69
56 -67 -76 -71.5
57 -67 -76 -71.5
58 -70 -76 -73
59 -70 -74 -72
60 -70 -74 -72
61 -71 -74 -72.5
62 -69 -75 -72
63 -69 -73 -71
64 -69 -71 -70
65 -69 -73 -71
66 -70 -72 -71
67 -71 -72 -71.5
68 -71 -72 -71.5
69 -71 -72 -71.5
70 -69 -72 -70.5
71 -70 -73 -71.5
72 -71 -71 -71
73 -72 -68 -70
74 -72 -68 -70
75 -72 -68 -70
76 -72 -67 -69.5
77 -71 -69 -70
78 -68 -72 -70
79 -65 -75 -70
80 -65 -68 -66.5
81 -66 -66 -66
82 -66 -67 -66.5
83 -66 -68 -67
84 -68 -70 -69
85 -70 -70 -70
86 -73 -70 -71.5
87 -73 -69 -71
88 -74 -69 -71.5
89 -70 -68 -69
90 -69 -68 -68.5
91 -69 -68 -68.5
92 -69 -69 -69
93 -69 -69 -69
94 -69 -69 -69
95 -69 -69 -69
96 -69 -69 -69

#0_12_2
1 -68 -70 -69
2 -70 -69 -69.5
3 -71 -66 -68.5
4 -71 -68 -69.5
5 -71 -68 -69.5
6 -71 -68 -69.5
7 -75 -68 -71.5
8 -67 -68 -67.5
9 -64 -71 -67.5
10 -70 -73 -71.5
11 -72 -75 -73.5
12 -72 -70 -71
13 -72 -69 -70.5
14 -71 -68 -69.5
15 -72 -67 -69.5
16 -74 -66 -70
17 -74 -65 -69.5
18 -73 -65 -69
19 -73 -65 -69
20 -72 -65 -68.5
21 -72 -65 -68.5
22 -73 -65 -69
23 -74 -65 -69.5
24 -73 -65 -69
25 -71 -66 -68.5
26 -71 -66 -68.5
27 -70 -65 -67.5
28 -70 -65 -67.5
29 -69 -65 -67
30 -69 -66 -67.5
31 -69 -66 -67.5
32 -70 -66 -68
33 -68 -66 -67
34 -68 -66 -67
35 -67 -66 -66.5
36 -67 -66 -66.5
37 -70 -64 -67
38 -70 -63 -66.5
39 -70 -63 -66.5
40 -70 -62 -66
41 -71 -62 -66.5
42 -70 -61 -65.5
43 -69 -61 -65
44 -66 -61 -63.5
45 -64 -61 -62.5
46 -62 -62 -62
47 -61 -64 -62.5
48 -60 -65 -62.5
49 -59 -63 -61
50 -59 -62 -60.5
51 -59 -62 -60.5
52 -59 -66 -62.5
53 -61 -78 -69.5
54 -61 -78 -69.5
55 -61 -73 -67
56 -65 -71 -68
57 -65 -71 -68
58 -70 -71 -70.5
59 -70 -71 -70.5
60 -72 -71 -71.5
61 -70 -71 -70.5
62 -70 -71 -70.5
63 -69 -71 -70
64 -65 -72 -68.5
65 -66 -72 -69
66 -65 -72 -68.5
67 -61 -72 -66.5
68 -62 -74 -68
69 -64 -74 -69
70 -65 -73 -69
71 -65 -71 -68
72 -68 -69 -68.5
73 -72 -68 -70
74 -72 -69 -70.5
75 -73 -67 -70
76 -72 -65 -68.5
77 -74 -64 -69
78 -67 -63 -65
79 -64 -62 -63
80 -64 -62 -63
81 -62 -62 -62
82 -62 -62 -62
83 -62 -62 -62
84 -62 -62 -62
85 -62 -63 -62.5
86 -62 -64 -63
87 -62 -62 -62
88 -62 -61 -61.5
89 -64 -61 -62.5
90 -64 -61 -62.5
91 -63 -65 -64
92 -63 -65 -64
93 -63 -65 -64
94 -63 -64 -63.5
95 -64 -64 -64
96 -64 -64 -64











