#8_1_1
1 -45 -33 -39
2 -47 -33 -40
3 -47 -33 -40
4 -48 -33 -40.5
5 -46 -33 -39.5
6 -41 -33 -37
7 -40 -34 -37
8 -36 -34 -35
9 -36 -34 -35
10 -34 -35 -34.5
11 -34 -35 -34.5
12 -35 -37 -36
13 -35 -38 -36.5
14 -37 -39 -38
15 -40 -40 -40
16 -42 -41 -41.5
17 -42 -43 -42.5
18 -38 -44 -41
19 -37 -46 -41.5
20 -42 -46 -44
21 -54 -46 -50
22 -54 -46 -50
23 -53 -46 -49.5
24 -51 -45 -48
25 -49 -45 -47
26 -49 -45 -47
27 -49 -45 -47
28 -49 -45 -47
29 -49 -45 -47
30 -49 -46 -47.5
31 -49 -46 -47.5
32 -49 -46 -47.5
33 -51 -46 -48.5
34 -50 -47 -48.5
35 -48 -48 -48
36 -47 -49 -48
37 -46 -49 -47.5
38 -45 -50 -47.5
39 -44 -50 -47
40 -44 -53 -48.5
41 -44 -53 -48.5
42 -44 -56 -50
43 -44 -57 -50.5
44 -44 -59 -51.5
45 -44 -62 -53
46 -44 -66 -55
47 -46 -67 -56.5
48 -46 -63 -54.5
49 -47 -61 -54
50 -47 -58 -52.5
51 -47 -56 -51.5
52 -47 -55 -51
53 -47 -53 -50
54 -47 -50 -48.5
55 -47 -49 -48
56 -47 -48 -47.5
57 -49 -48 -48.5
58 -49 -48 -48.5
59 -49 -48 -48.5
60 -50 -48 -49
61 -50 -48 -49
62 -51 -48 -49.5
63 -54 -48 -51
64 -54 -48 -51
65 -56 -48 -52
66 -60 -49 -54.5
67 -60 -49 -54.5
68 -60 -49 -54.5
69 -57 -49 -53
70 -55 -49 -52
71 -55 -50 -52.5
72 -53 -50 -51.5
73 -52 -52 -52
74 -51 -53 -52
75 -50 -54 -52
76 -50 -55 -52.5
77 -50 -56 -53
78 -50 -57 -53.5
79 -51 -57 -54
80 -49 -55 -52
81 -50 -54 -52
82 -50 -52 -51
83 -50 -52 -51
84 -49 -48 -48.5
85 -48 -48 -48
86 -47 -46 -46.5
87 -47 -45 -46
88 -47 -44 -45.5
89 -47 -44 -45.5
90 -46 -43 -44.5
91 -45 -43 -44
92 -45 -43 -44
93 -45 -43 -44
94 -45 -43 -44
95 -44 -43 -43.5
96 -44 -44 -44

#8_1_2
1 -43 -34 -38.5	

2 -44 -33 -38.5	

3 -44 -42 -43	

4 -44 -46 -45	

5 -44 -34 -39	

6 -44 -33 -38.5	

7 -44 -33 -38.5	

8 -45 -36 -40.5	

9 -46 -37 -41.5	

10 -45 -38 -41.5	

11 -44 -40 -42	

12 -41 -40 -40.5	

13 -34 -41 -37.5	

14 -32 -41 -36.5	

15 -31 -41 -36	

16 -31 -43 -37	

17 -30 -43 -36.5	

18 -30 -43 -36.5	

19 -30 -43 -36.5	

20 -30 -43 -36.5	

21 -30 -43 -36.5	

22 -31 -43 -37	

23 -32 -44 -38	

24 -33 -44 -38.5	

25 -35 -45 -40	

26 -35 -45 -40	

27 -37 -45 -41	

28 -39 -47 -43	

29 -41 -47 -44	

30 -42 -47 -44.5	

31 -44 -47 -45.5	

32 -45 -47 -46	

33 -50 -47 -48.5	

34 -55 -47 -51	

35 -56 -47 -51.5	

36 -56 -47 -51.5	

37 -56 -48 -52	

38 -55 -48 -51.5	

39 -53 -48 -50.5	

40 -51 -48 -49.5	

41 -51 -49 -50	

42 -49 -49 -49	

43 -51 -52 -51.5	

44 -48 -51 -49.5	

45 -48 -53 -50.5	

46 -47 -55 -51	

47 -47 -54 -50.5	

48 -47 -54 -50.5	

49 -47 -55 -51	

50 -47 -55 -51	

51 -47 -55 -51	

52 -49 -55 -52	

53 -52 -55 -53.5	

54 -54 -55 -54.5	

55 -56 -55 -55.5	

56 -57 -56 -56.5	

57 -58 -56 -57	

58 -60 -57 -58.5	

59 -61 -58 -59.5	

60 -61 -57 -59	

61 -61 -57 -59	

62 -61 -56 -58.5	

63 -60 -56 -58	

64 -60 -56 -58	

65 -60 -55 -57.5	

66 -59 -54 -56.5	

67 -58 -52 -55	

68 -58 -49 -53.5	

69 -57 -47 -52	

70 -57 -47 -52	

71 -56 -47 -51.5	

72 -55 -45 -50	

73 -52 -45 -48.5	

74 -51 -45 -48	

75 -51 -45 -48	

76 -49 -45 -47	

77 -48 -45 -46.5	

78 -48 -45 -46.5	

79 -48 -45 -46.5	

80 -48 -45 -46.5	

81 -47 -46 -46.5	

82 -47 -46 -46.5	

83 -47 -47 -47	

84 -46 -47 -46.5	

85 -46 -48 -47	

86 -46 -48 -47	

87 -46 -48 -47	

88 -46 -48 -47	

89 -46 -47 -46.5	

90 -46 -47 -46.5	

91 -46 -47 -46.5	

92 -46 -47 -46.5	

93 -47 -47 -47	

94 -47 -47 -47	

95 -47 -47 -47	

96 -47 -47 -47

#8_2_1
1 -50 -37 -43.5
2 -37 -45 -41
3 -35 -50 -42.5
4 -35 -44 -39.5
5 -34 -38 -36
6 -34 -38 -36
7 -34 -38 -36
8 -37 -38 -37.5
9 -40 -38 -39
10 -44 -38 -41
11 -45 -39 -42
12 -47 -40 -43.5
13 -43 -41 -42
14 -40 -44 -42
15 -39 -47 -43
16 -37 -48 -42.5
17 -37 -46 -41.5
18 -37 -45 -41
19 -37 -45 -41
20 -37 -46 -41.5
21 -38 -47 -42.5
22 -40 -47 -43.5
23 -44 -49 -46.5
24 -47 -54 -50.5
25 -54 -60 -57
26 -56 -60 -58
27 -56 -58 -57
28 -51 -58 -54.5
29 -50 -55 -52.5
30 -49 -55 -52
31 -49 -55 -52
32 -49 -56 -52.5
33 -49 -57 -53
34 -50 -60 -55
35 -53 -60 -56.5
36 -55 -62 -58.5
37 -57 -62 -59.5
38 -60 -62 -61
39 -64 -60 -62
40 -67 -58 -62.5
41 -67 -57 -62
42 -63 -57 -60
43 -61 -57 -59
44 -60 -57 -58.5
45 -59 -55 -57
46 -58 -55 -56.5
47 -57 -55 -56
48 -56 -55 -55.5
49 -56 -55 -55.5
50 -56 -54 -55
51 -56 -53 -54.5
52 -56 -52 -54
53 -56 -48 -52
54 -56 -47 -51.5
55 -55 -47 -51
56 -54 -47 -50.5
57 -52 -47 -49.5
58 -51 -47 -49
59 -50 -47 -48.5
60 -49 -47 -48
61 -49 -47 -48
62 -49 -47 -48
63 -49 -47 -48
64 -49 -47 -48
65 -49 -49 -49
66 -49 -49 -49
67 -49 -50 -49.5
68 -49 -52 -50.5
69 -49 -55 -52
70 -49 -56 -52.5
71 -49 -58 -53.5
72 -50 -62 -56
73 -52 -65 -58.5
74 -52 -64 -58
75 -52 -59 -55.5
76 -53 -53 -53
77 -54 -50 -52
78 -54 -48 -51
79 -55 -47 -51
80 -55 -46 -50.5
81 -56 -44 -50
82 -57 -44 -50.5
83 -57 -44 -50.5
84 -53 -44 -48.5
85 -52 -44 -48
86 -50 -44 -47
87 -48 -44 -46
88 -47 -44 -45.5
89 -45 -44 -44.5
90 -43 -44 -43.5
91 -43 -44 -43.5
92 -43 -44 -43.5
93 -43 -44 -43.5
94 -43 -44 -43.5
95 -44 -44 -44
96 -44 -44 -44

#8_2_2
1 -36 -35 -35.5
2 -36 -42 -39
3 -36 -47 -41.5
4 -36 -43 -39.5
5 -36 -39 -37.5
6 -36 -38 -37
7 -36 -38 -37
8 -41 -38 -39.5
9 -45 -38 -41.5
10 -48 -39 -43.5
11 -49 -39 -44
12 -48 -40 -44
13 -41 -41 -41
14 -39 -43 -41
15 -38 -45 -41.5
16 -37 -48 -42.5
17 -37 -51 -44
18 -37 -51 -44
19 -37 -51 -44
20 -38 -50 -44
21 -41 -50 -45.5
22 -44 -50 -47
23 -48 -51 -49.5
24 -53 -53 -53
25 -60 -57 -58.5
26 -59 -59 -59
27 -57 -62 -59.5
28 -56 -63 -59.5
29 -53 -63 -58
30 -52 -60 -56
31 -52 -60 -56
32 -54 -61 -57.5
33 -55 -62 -58.5
34 -56 -65 -60.5
35 -57 -66 -61.5
36 -57 -64 -60.5
37 -58 -64 -61
38 -58 -64 -61
39 -61 -65 -63
40 -63 -65 -64
41 -69 -62 -65.5
42 -71 -60 -65.5
43 -67 -55 -61
44 -64 -54 -59
45 -64 -52 -58
46 -69 -52 -60.5
47 -70 -52 -61
48 -66 -52 -59
49 -61 -51 -56
50 -60 -50 -55
51 -60 -48 -54
52 -59 -47 -53
53 -58 -47 -52.5
54 -56 -46 -51
55 -55 -46 -50.5
56 -54 -46 -50
57 -52 -46 -49
58 -52 -46 -49
59 -51 -46 -48.5
60 -51 -46 -48.5
61 -50 -46 -48
62 -50 -46 -48
63 -50 -46 -48
64 -49 -47 -48
65 -49 -47 -48
66 -49 -47 -48
67 -49 -47 -48
68 -49 -48 -48.5
69 -49 -48 -48.5
70 -49 -50 -49.5
71 -51 -51 -51
72 -52 -53 -52.5
73 -53 -55 -54
74 -55 -58 -56.5
75 -56 -59 -57.5
76 -58 -57 -57.5
77 -59 -56 -57.5
78 -60 -54 -57
79 -60 -50 -55
80 -61 -50 -55.5
81 -59 -47 -53
82 -58 -46 -52
83 -57 -44 -50.5
84 -54 -44 -49
85 -52 -44 -48
86 -50 -44 -47
87 -49 -44 -46.5
88 -48 -44 -46
89 -47 -44 -45.5
90 -47 -44 -45.5
91 -46 -45 -45.5
92 -46 -45 -45.5
93 -46 -45 -45.5
94 -46 -46 -46
95 -46 -46 -46
96 -46 -46 -46

#8_3_1
1 -43 -44 -43.5
2 -43 -47 -45
3 -47 -43 -45
4 -45 -43 -44
5 -45 -43 -44
6 -45 -43 -44
7 -45 -43 -44
8 -45 -43 -44
9 -43 -43 -43
10 -42 -47 -44.5
11 -42 -50 -46
12 -41 -56 -48.5
13 -41 -63 -52
14 -41 -64 -52.5
15 -41 -57 -49
16 -41 -51 -46
17 -43 -47 -45
18 -45 -46 -45.5
19 -47 -45 -46
20 -52 -43 -47.5
21 -56 -43 -49.5
22 -61 -43 -52
23 -59 -43 -51
24 -54 -43 -48.5
25 -49 -44 -46.5
26 -49 -44 -46.5
27 -46 -45 -45.5
28 -46 -45 -45.5
29 -44 -45 -44.5
30 -44 -46 -45
31 -44 -47 -45.5
32 -44 -47 -45.5
33 -43 -47 -45
34 -42 -48 -45
35 -42 -48 -45
36 -42 -50 -46
37 -42 -53 -47.5
38 -42 -54 -48
39 -42 -56 -49
40 -43 -59 -51
41 -45 -59 -52
42 -47 -60 -53.5
43 -49 -56 -52.5
44 -54 -53 -53.5
45 -55 -52 -53.5
46 -57 -49 -53
47 -59 -47 -53
48 -60 -47 -53.5
49 -59 -47 -53
50 -57 -47 -52
51 -56 -48 -52
52 -53 -48 -50.5
53 -51 -49 -50
54 -50 -50 -50
55 -50 -50 -50
56 -49 -52 -50.5
57 -49 -56 -52.5
58 -48 -64 -56
59 -48 -65 -56.5
60 -49 -67 -58
61 -51 -70 -60.5
62 -53 -70 -61.5
63 -54 -67 -60.5
64 -55 -63 -59
65 -55 -59 -57
66 -58 -57 -57.5
67 -64 -55 -59.5
68 -66 -54 -60
69 -63 -54 -58.5
70 -62 -54 -58
71 -60 -52 -56
72 -59 -51 -55
73 -56 -50 -53
74 -56 -50 -53
75 -55 -50 -52.5
76 -53 -50 -51.5
77 -51 -50 -50.5
78 -50 -50 -50
79 -50 -50 -50
80 -49 -51 -50
81 -49 -51 -50
82 -48 -51 -49.5
83 -48 -51 -49.5
84 -48 -52 -50
85 -48 -51 -49.5
86 -48 -52 -50
87 -48 -52 -50
88 -48 -54 -51
89 -48 -57 -52.5
90 -48 -55 -51.5
91 -49 -55 -52
92 -52 -55 -53.5
93 -54 -54 -54
94 -55 -54 -54.5
95 -55 -54 -54.5
96 -54 -54 -54

#8_3_2
1 -42 -41 -41.5
2 -42 -40 -41
3 -42 -40 -41
4 -42 -40 -41
5 -43 -42 -42.5
6 -43 -42 -42.5
7 -43 -43 -43
8 -42 -44 -43
9 -41 -47 -44
10 -41 -54 -47.5
11 -41 -61 -51
12 -41 -61 -51
13 -41 -55 -48
14 -42 -49 -45.5
15 -43 -52 -47.5
16 -45 -44 -44.5
17 -51 -43 -47
18 -59 -42 -50.5
19 -62 -42 -52
20 -59 -42 -50.5
21 -54 -42 -48
22 -50 -42 -46
23 -48 -42 -45
24 -47 -42 -44.5
25 -45 -42 -43.5
26 -44 -42 -43
27 -43 -43 -43
28 -43 -43 -43
29 -43 -44 -43.5
30 -43 -45 -44
31 -43 -46 -44.5
32 -43 -47 -45
33 -43 -48 -45.5
34 -43 -49 -46
35 -43 -51 -47
36 -44 -53 -48.5
37 -46 -56 -51
38 -47 -57 -52
39 -49 -58 -53.5
40 -53 -58 -55.5
41 -56 -56 -56
42 -62 -53 -57.5
43 -67 -48 -57.5
44 -69 -46 -57.5
45 -70 -46 -58
46 -67 -45 -56
47 -62 -45 -53.5
48 -58 -45 -51.5
49 -57 -45 -51
50 -57 -46 -51.5
51 -56 -47 -51.5
52 -55 -47 -51
53 -54 -48 -51
54 -52 -50 -51
55 -52 -51 -51.5
56 -52 -53 -52.5
57 -52 -55 -53.5
58 -52 -57 -54.5
59 -53 -59 -56
60 -53 -60 -56.5
61 -54 -60 -57
62 -55 -61 -58
63 -56 -61 -58.5
64 -57 -61 -59
65 -57 -59 -58
66 -58 -57 -57.5
67 -59 -56 -57.5
68 -60 -55 -57.5
69 -60 -54 -57
70 -60 -53 -56.5
71 -59 -53 -56
72 -59 -53 -56
73 -57 -53 -55
74 -56 -52 -54
75 -55 -51 -53
76 -52 -50 -51
77 -51 -50 -50.5
78 -50 -50 -50
79 -49 -51 -50
80 -46 -51 -48.5
81 -46 -52 -49
82 -48 -51 -49.5
83 -48 -52 -50
84 -48 -53 -50.5
85 -48 -54 -51
86 -48 -54 -51
87 -50 -55 -52.5
88 -50 -56 -53
89 -51 -56 -53.5
90 -54 -56 -55
91 -55 -54 -54.5
92 -56 -54 -55
93 -57 -54 -55.5
94 -57 -54 -55.5
95 -56 -54 -55
96 -54 -54 -54

#8_4_1

1 -56 -38 -47
2 -44 -38 -41
3 -38 -39 -38.5
4 -37 -40 -38.5
5 -37 -41 -39
6 -37 -42 -39.5
7 -37 -43 -40
8 -37 -45 -41
9 -37 -46 -41.5
10 -37 -48 -42.5
11 -37 -51 -44
12 -37 -56 -46.5
13 -38 -57 -47.5
14 -39 -58 -48.5
15 -41 -57 -49
16 -42 -54 -48
17 -44 -52 -48
18 -46 -49 -47.5
19 -49 -49 -49
20 -52 -49 -50.5
21 -57 -49 -53
22 -61 -50 -55.5
23 -62 -50 -56
24 -59 -50 -54.5
25 -57 -50 -53.5
26 -56 -50 -53
27 -56 -50 -53
28 -56 -47 -51.5
29 -56 -46 -51
30 -57 -45 -51
31 -58 -45 -51.5
32 -57 -45 -51
33 -52 -45 -48.5
34 -50 -46 -48
35 -49 -46 -47.5
36 -48 -47 -47.5
37 -47 -49 -48
38 -46 -49 -47.5
39 -46 -51 -48.5
40 -46 -54 -50
41 -46 -56 -51
42 -46 -56 -51
43 -46 -57 -51.5
44 -46 -57 -51.5
45 -46 -57 -51.5
46 -46 -58 -52
47 -47 -59 -53
48 -49 -59 -54
49 -53 -61 -57
50 -54 -59 -56.5
51 -57 -57 -57
52 -58 -56 -57
53 -64 -53 -58.5
54 -71 -50 -60.5
55 -69 -49 -59
56 -62 -49 -55.5
57 -57 -49 -53
58 -55 -49 -52
59 -53 -49 -51
60 -51 -51 -51
61 -50 -51 -50.5
62 -50 -52 -51
63 -50 -52 -51
64 -49 -52 -50.5
65 -49 -53 -51
66 -49 -53 -51
67 -49 -53 -51
68 -52 -52 -52
69 -52 -52 -52
70 -53 -52 -52.5
71 -55 -49 -52
72 -56 -49 -52.5
73 -56 -48 -52
74 -56 -47 -51.5
75 -55 -47 -51
76 -52 -47 -49.5
77 -51 -47 -49
78 -49 -47 -48
79 -49 -47 -48
80 -48 -47 -47.5
81 -48 -47 -47.5
82 -47 -47 -47
83 -47 -51 -49
84 -47 -47 -47
85 -46 -49 -47.5
86 -46 -50 -48
87 -46 -50 -48
88 -46 -51 -48.5
89 -46 -52 -49
90 -46 -53 -49.5
91 -46 -51 -48.5
92 -47 -52 -49.5
93 -48 -55 -51.5
94 -49 -53 -51
95 -50 -51 -50.5
96 -51 -51 -51

#8_4_2
1 -36 -38 -37	

2 -36 -38 -37	

3 -36 -39 -37.5	

4 -36 -41 -38.5	

5 -36 -45 -40.5	

6 -36 -45 -40.5	

7 -37 -45 -41	

8 -37 -46 -41.5	

9 -37 -49 -43	

10 -38 -50 -44	

11 -39 -55 -47	

12 -39 -58 -48.5	

13 -40 -58 -49	

14 -42 -54 -48	

15 -45 -53 -49	

16 -46 -49 -47.5	

17 -49 -49 -49	

18 -54 -48 -51	

19 -60 -47 -53.5	

20 -64 -47 -55.5	

21 -61 -47 -54	

22 -57 -47 -52	

23 -54 -47 -50.5	

24 -52 -48 -50	

25 -51 -49 -50	

26 -51 -50 -50.5	

27 -52 -50 -51	

28 -53 -49 -51	

29 -54 -48 -51	

30 -54 -46 -50	

31 -51 -46 -48.5	

32 -50 -46 -48	

33 -48 -47 -47.5	

34 -47 -47 -47	

35 -46 -47 -46.5	

36 -46 -47 -46.5	

37 -46 -47 -46.5	

38 -46 -48 -47	

39 -46 -49 -47.5	

40 -46 -50 -48	

41 -46 -51 -48.5	

42 -46 -53 -49.5	

43 -46 -53 -49.5	

44 -46 -53 -49.5	

45 -46 -53 -49.5	

46 -46 -53 -49.5	

47 -47 -52 -49.5	

48 -48 -52 -50	

49 -49 -51 -50	

50 -52 -51 -51.5	

51 -55 -51 -53	

52 -57 -51 -54	

53 -58 -51 -54.5	

54 -58 -51 -54.5	

55 -58 -51 -54.5	

56 -58 -51 -54.5	

57 -55 -51 -53	

58 -55 -50 -52.5	

59 -52 -50 -51	

60 -52 -50 -51	

61 -51 -50 -50.5	

62 -51 -49 -50	

63 -53 -49 -51	

64 -54 -48 -51	

65 -54 -48 -51	

66 -54 -48 -51	

67 -54 -47 -50.5	

68 -56 -47 -51.5	

69 -56 -47 -51.5	

70 -56 -47 -51.5	

71 -56 -47 -51.5	

72 -55 -47 -51	

73 -55 -47 -51	

74 -55 -47 -51	

75 -55 -48 -51.5	

76 -52 -48 -50	

77 -51 -49 -50	

78 -50 -50 -50	

79 -50 -50 -50	

80 -50 -51 -50.5	

81 -50 -51 -50.5	

82 -50 -51 -50.5	

83 -50 -52 -51	

84 -50 -52 -51	

85 -50 -52 -51	

86 -50 -52 -51	

87 -50 -50 -50	

88 -50 -50 -50	

89 -50 -50 -50	

90 -50 -50 -50	

91 -50 -50 -50	

92 -50 -50 -50	

93 -50 -50 -50	

94 -50 -50 -50	

95 -50 -50 -50	

96 -50 -50 -50	


#8_5_1
1 -50 -40 -45
2 -49 -41 -45
3 -41 -41 -41
4 -41 -41 -41
5 -40 -42 -41
6 -40 -43 -41.5
7 -40 -43 -41.5
8 -40 -44 -42
9 -40 -44 -42
10 -40 -46 -43
11 -40 -48 -44
12 -40 -49 -44.5
13 -40 -49 -44.5
14 -42 -52 -47
15 -42 -55 -48.5
16 -43 -56 -49.5
17 -43 -56 -49.5
18 -44 -56 -50
19 -46 -54 -50
20 -47 -52 -49.5
21 -49 -51 -50
22 -51 -51 -51
23 -55 -50 -52.5
24 -57 -50 -53.5
25 -59 -50 -54.5
26 -60 -50 -55
27 -60 -49 -54.5
28 -60 -49 -54.5
29 -60 -49 -54.5
30 -59 -47 -53
31 -58 -46 -52
32 -57 -46 -51.5
33 -56 -46 -51
34 -51 -46 -48.5
35 -49 -46 -47.5
36 -48 -47 -47.5
37 -48 -47 -47.5
38 -48 -48 -48
39 -48 -50 -49
40 -47 -50 -48.5
41 -47 -55 -51
42 -47 -56 -51.5
43 -47 -54 -50.5
44 -47 -53 -50
45 -48 -52 -50
46 -48 -52 -50
47 -48 -56 -52
48 -48 -56 -52
49 -48 -58 -53
50 -48 -61 -54.5
51 -48 -60 -54
52 -50 -56 -53
53 -53 -53 -53
54 -55 -52 -53.5
55 -60 -50 -55
56 -65 -53 -59
57 -61 -48 -54.5
58 -57 -48 -52.5
59 -53 -49 -51
60 -51 -49 -50
61 -51 -49 -50
62 -49 -49 -49
63 -49 -49 -49
64 -49 -52 -50.5
65 -49 -52 -50.5
66 -49 -53 -51
67 -49 -54 -51.5
68 -49 -54 -51.5
69 -51 -54 -52.5
70 -53 -54 -53.5
71 -55 -53 -54
72 -55 -53 -54
73 -56 -53 -54.5
74 -57 -52 -54.5
75 -57 -51 -54
76 -57 -50 -53.5
77 -57 -50 -53.5
78 -56 -49 -52.5
79 -55 -49 -52
80 -54 -49 -51.5
81 -53 -49 -51
82 -50 -49 -49.5
83 -49 -49 -49
84 -48 -50 -49
85 -48 -50 -49
86 -49 -50 -49.5
87 -49 -50 -49.5
88 -49 -52 -50.5
89 -49 -53 -51
90 -49 -53 -51
91 -49 -53 -51
92 -49 -53 -51
93 -49 -53 -51
94 -49 -53 -51
95 -52 -53 -52.5
96 -53 -53 -53

#8_5_2
1 -38 -40 -39
2 -38 -41 -39.5
3 -38 -41 -39.5
4 -39 -43 -41
5 -39 -44 -41.5
6 -39 -44 -41.5
7 -39 -45 -42
8 -39 -45 -42
9 -39 -47 -43
10 -39 -47 -43
11 -40 -49 -44.5
12 -40 -52 -46
13 -42 -57 -49.5
14 -43 -57 -50
15 -44 -58 -51
16 -45 -58 -51.5
17 -46 -56 -51
18 -49 -54 -51.5
19 -52 -53 -52.5
20 -56 -51 -53.5
21 -59 -50 -54.5
22 -63 -50 -56.5
23 -67 -50 -58.5
24 -66 -50 -58
25 -63 -50 -56.5
26 -60 -50 -55
27 -60 -49 -54.5
28 -60 -49 -54.5
29 -59 -47 -53
30 -57 -47 -52
31 -55 -47 -51
32 -52 -47 -49.5
33 -49 -47 -48
34 -49 -47 -48
35 -47 -48 -47.5
36 -47 -48 -47.5
37 -47 -48 -47.5
38 -47 -49 -48
39 -47 -50 -48.5
40 -47 -51 -49
41 -48 -52 -50
42 -49 -52 -50.5
43 -49 -53 -51
44 -49 -53 -51
45 -49 -55 -52
46 -49 -56 -52.5
47 -48 -56 -52
48 -48 -58 -53
49 -49 -58 -53.5
50 -53 -58 -55.5
51 -56 -56 -56
52 -60 -54 -57
53 -66 -50 -58
54 -70 -49 -59.5
55 -63 -48 -55.5
56 -58 -48 -53
57 -55 -48 -51.5
58 -53 -48 -50.5
59 -51 -48 -49.5
60 -50 -48 -49
61 -49 -48 -48.5
62 -49 -49 -49
63 -49 -49 -49
64 -49 -50 -49.5
65 -49 -50 -49.5
66 -50 -51 -50.5
67 -51 -53 -52
68 -52 -55 -53.5
69 -52 -55 -53.5
70 -53 -55 -54
71 -53 -55 -54
72 -55 -55 -55
73 -57 -54 -55.5
74 -59 -53 -56
75 -65 -53 -59
76 -69 -53 -61
77 -63 -53 -58
78 -64 -53 -58.5
79 -61 -52 -56.5
80 -61 -52 -56.5
81 -61 -52 -56.5
82 -60 -53 -56.5
83 -59 -54 -56.5
84 -56 -54 -55
85 -56 -54 -55
86 -56 -54 -55
87 -56 -54 -55
88 -56 -54 -55
89 -56 -54 -55
90 -56 -54 -55
91 -54 -54 -54
92 -53 -54 -53.5
93 -55 -54 -54.5
94 -55 -55 -55
95 -55 -55 -55
96 -55 -55 -55

#8_6_1
1 -46 -48 -47
2 -46 -50 -48
3 -46 -51 -48.5
4 -46 -56 -51
5 -46 -56 -51
6 -46 -57 -51.5
7 -46 -58 -52
8 -47 -59 -53
9 -49 -61 -55
10 -49 -62 -55.5
11 -50 -62 -56
12 -50 -62 -56
13 -53 -60 -56.5
14 -55 -58 -56.5
15 -55 -58 -56.5
16 -57 -58 -57.5
17 -59 -58 -58.5
18 -61 -58 -59.5
19 -61 -58 -59.5
20 -61 -59 -60
21 -61 -60 -60.5
22 -61 -60 -60.5
23 -60 -60 -60
24 -60 -60 -60
25 -59 -60 -59.5
26 -59 -62 -60.5
27 -59 -64 -61.5
28 -60 -63 -61.5
29 -62 -62 -62
30 -65 -60 -62.5
31 -69 -59 -64
32 -69 -59 -64
33 -65 -59 -62
34 -64 -59 -61.5
35 -61 -58 -59.5
36 -61 -58 -59.5
37 -61 -58 -59.5
38 -61 -57 -59
39 -61 -56 -58.5
40 -61 -55 -58
41 -59 -55 -57
42 -58 -54 -56
43 -57 -54 -55.5
44 -56 -54 -55
45 -56 -54 -55
46 -55 -56 -55.5
47 -55 -56 -55.5
48 -55 -56 -55.5
49 -55 -57 -56
50 -55 -59 -57
51 -56 -59 -57.5
52 -59 -59 -59
53 -59 -59 -59
54 -59 -59 -59
55 -61 -59 -60
56 -62 -59 -60.5
57 -63 -59 -61
58 -63 -60 -61.5
59 -63 -60 -61.5
60 -63 -59 -61
61 -62 -57 -59.5
62 -62 -57 -59.5
63 -60 -57 -58.5
64 -60 -57 -58.5
65 -60 -57 -58.5
66 -59 -57 -58
67 -59 -57 -58
68 -59 -57 -58
69 -58 -57 -57.5
70 -58 -57 -57.5
71 -58 -58 -58
72 -58 -59 -58.5
73 -58 -60 -59
74 -59 -60 -59.5
75 -59 -60 -59.5
76 -59 -60 -59.5
77 -59 -61 -60
78 -62 -61 -61.5
79 -61 -61 -61
80 -61 -62 -61.5
81 -61 -63 -62
82 -62 -63 -62.5
83 -62 -66 -64
84 -61 -67 -64
85 -61 -68 -64.5
86 -64 -66 -65
87 -64 -66 -65
88 -67 -64 -65.5
89 -68 -61 -64.5
90 -70 -61 -65.5
91 -69 -61 -65
92 -66 -61 -63.5
93 -64 -61 -62.5
94 -64 -60 -62
95 -62 -61 -61.5
96 -61 -61 -61

#8_6_2
1 -54 -56 -55
2 -54 -56 -55
3 -54 -56 -55
4 -54 -56 -55
5 -54 -56 -55
6 -54 -56 -55
7 -54 -56 -55
8 -54 -56 -55
9 -54 -56 -55
10 -54 -57 -55.5
11 -54 -57 -55.5
12 -55 -57 -56
13 -55 -57 -56
14 -55 -57 -56
15 -56 -57 -56.5
16 -57 -57 -57
17 -56 -57 -56.5
18 -56 -57 -56.5
19 -56 -57 -56.5
20 -56 -57 -56.5
21 -57 -57 -57
22 -57 -57 -57
23 -57 -57 -57
24 -57 -57 -57
25 -58 -58 -58
26 -58 -59 -58.5
27 -58 -59 -58.5
28 -58 -59 -58.5
29 -58 -58 -58
30 -59 -59 -59
31 -59 -60 -59.5
32 -59 -63 -61
33 -59 -62 -60.5
34 -59 -62 -60.5
35 -59 -62 -60.5
36 -59 -65 -62
37 -61 -65 -63
38 -61 -69 -65
39 -61 -72 -66.5
40 -61 -69 -65
41 -61 -66 -63.5
42 -61 -66 -63.5
43 -62 -64 -63
44 -65 -67 -66
45 -65 -65 -65
46 -66 -64 -65
47 -66 -61 -63.5
48 -66 -60 -63
49 -66 -60 -63
50 -64 -59 -61.5
51 -64 -58 -61
52 -63 -58 -60.5
53 -62 -58 -60
54 -62 -59 -60.5
55 -62 -59 -60.5
56 -62 -59 -60.5
57 -62 -59 -60.5
58 -62 -59 -60.5
59 -61 -59 -60
60 -60 -59 -59.5
61 -59 -60 -59.5
62 -59 -61 -60
63 -59 -62 -60.5
64 -59 -62 -60.5
65 -58 -63 -60.5
66 -58 -64 -61
67 -58 -66 -62
68 -58 -67 -62.5
69 -59 -70 -64.5
70 -60 -72 -66
71 -61 -72 -66.5
72 -62 -72 -67
73 -64 -72 -68
74 -68 -69 -68.5
75 -71 -68 -69.5
76 -72 -66 -69
77 -73 -65 -69
78 -71 -64 -67.5
79 -69 -63 -66
80 -67 -62 -64.5
81 -65 -62 -63.5
82 -64 -62 -63
83 -64 -62 -63
84 -64 -62 -63
85 -62 -62 -62
86 -62 -62 -62
87 -61 -62 -61.5
88 -61 -62 -61.5
89 -62 -63 -62.5
90 -63 -63 -63
91 -63 -63 -63
92 -63 -63 -63
93 -63 -63 -63
94 -62 -64 -63
95 -62 -63 -62.5
96 -63 -63 -63

#8_7_1
1 -53 -58 -55.5	

2 -54 -57 -55.5	

3 -54 -57 -55.5	

4 -54 -57 -55.5	

5 -54 -57 -55.5	

6 -55 -61 -58	

7 -55 -57 -56	

8 -55 -57 -56	

9 -56 -56 -56	

10 -57 -56 -56.5	

11 -57 -56 -56.5	

12 -57 -56 -56.5	

13 -57 -56 -56.5	

14 -57 -56 -56.5	

15 -58 -56 -57	

16 -58 -56 -57	

17 -58 -56 -57	

18 -58 -56 -57	

19 -58 -56 -57	

20 -58 -56 -57	

21 -58 -56 -57	

22 -57 -56 -56.5	

23 -57 -56 -56.5	

24 -57 -57 -57	

25 -56 -57 -56.5	

26 -56 -58 -57	

27 -56 -59 -57.5	

28 -56 -59 -57.5	

29 -56 -59 -57.5	

30 -56 -59 -57.5	

31 -57 -59 -58	

32 -57 -59 -58	

33 -59 -59 -59	

34 -60 -59 -59.5	

35 -60 -59 -59.5	

36 -60 -60 -60	

37 -60 -61 -60.5	

38 -60 -61 -60.5	

39 -60 -63 -61.5	

40 -59 -68 -63.5	

41 -59 -70 -64.5	

42 -59 -74 -66.5	

43 -61 -70 -65.5	

44 -63 -65 -64	

45 -67 -62 -64.5	

46 -72 -61 -66.5	

47 -71 -61 -66	

48 -66 -61 -63.5	

49 -63 -61 -62	

50 -62 -61 -61.5	

51 -61 -61 -61	

52 -60 -60 -60	

53 -60 -60 -60	

54 -60 -60 -60	

55 -60 -60 -60	

56 -59 -61 -60	

57 -59 -61 -60	

58 -59 -62 -60.5	

59 -59 -63 -61	

60 -59 -63 -61	

61 -59 -63 -61	

62 -59 -63 -61	

63 -60 -65 -62.5	

64 -60 -65 -62.5	

65 -60 -65 -62.5	

66 -61 -66 -63.5	

67 -62 -66 -64	

68 -62 -68 -65	

69 -64 -69 -66.5	

70 -69 -70 -69.5	

71 -70 -70 -70	

72 -70 -70 -70	

73 -73 -66 -69.5	

74 -76 -67 -71.5	

75 -76 -66 -71	

76 -71 -66 -68.5	

77 -68 -66 -67	

78 -67 -63 -65	

79 -63 -62 -62.5	

80 -63 -61 -62	

81 -63 -61 -62	

82 -63 -61 -62	

83 -63 -60 -61.5	

84 -62 -60 -61	

85 -60 -61 -60.5	

86 -60 -61 -60.5	

87 -60 -61 -60.5	

88 -60 -61 -60.5	

89 -60 -61 -60.5	

90 -60 -62 -61	

91 -60 -62 -61	

92 -60 -63 -61.5	

93 -61 -63 -62	

94 -62 -63 -62.5	

95 -62 -63 -62.5	

96 -63 -63 -63	


#8_7_2
1 -55 -57 -56
2 -57 -57 -57
3 -57 -57 -57
4 -57 -57 -57
5 -58 -57 -57.5
6 -58 -57 -57.5
7 -58 -57 -57.5
8 -58 -57 -57.5
9 -58 -57 -57.5
10 -58 -57 -57.5
11 -58 -57 -57.5
12 -59 -57 -58
13 -59 -56 -57.5
14 -59 -56 -57.5
15 -59 -56 -57.5
16 -59 -56 -57.5
17 -59 -56 -57.5
18 -59 -56 -57.5
19 -59 -56 -57.5
20 -59 -56 -57.5
21 -59 -56 -57.5
22 -59 -57 -58
23 -59 -57 -58
24 -58 -57 -57.5
25 -58 -57 -57.5
26 -58 -57 -57.5
27 -58 -57 -57.5
28 -58 -57 -57.5
29 -59 -57 -58
30 -59 -58 -58.5
31 -60 -58 -59
32 -60 -58 -59
33 -61 -58 -59.5
34 -61 -61 -61
35 -60 -62 -61
36 -59 -63 -61
37 -59 -63 -61
38 -59 -65 -62
39 -59 -72 -65.5
40 -59 -73 -66
41 -59 -73 -66
42 -59 -67 -63
43 -60 -63 -61.5
44 -64 -61 -62.5
45 -65 -61 -63
46 -70 -61 -65.5
47 -72 -61 -66.5
48 -69 -61 -65
49 -66 -61 -63.5
50 -64 -61 -62.5
51 -62 -61 -61.5
52 -61 -61 -61
53 -61 -61 -61
54 -61 -61 -61
55 -61 -61 -61
56 -61 -61 -61
57 -61 -61 -61
58 -61 -61 -61
59 -61 -62 -61.5
60 -60 -63 -61.5
61 -60 -64 -62
62 -60 -64 -62
63 -60 -67 -63.5
64 -61 -71 -66
65 -61 -71 -66
66 -65 -74 -69.5
67 -67 -72 -69.5
68 -68 -71 -69.5
69 -69 -70 -69.5
70 -69 -70 -69.5
71 -71 -66 -68.5
72 -75 -67 -71
73 -75 -65 -70
74 -74 -63 -68.5
75 -73 -61 -67
76 -66 -61 -63.5
77 -63 -61 -62
78 -62 -61 -61.5
79 -61 -61 -61
80 -61 -61 -61
81 -60 -63 -61.5
82 -60 -61 -60.5
83 -60 -61 -60.5
84 -60 -62 -61
85 -59 -63 -61
86 -59 -61 -60
87 -59 -61 -60
88 -59 -62 -60.5
89 -59 -63 -61
90 -59 -63 -61
91 -61 -64 -62.5
92 -65 -65 -65
93 -62 -63 -62.5
94 -61 -63 -62
95 -62 -63 -62.5
96 -64 -64 -64

#8_8_1
1 -65 -66 -65.5
2 -65 -66 -65.5
3 -66 -66 -66
4 -66 -66 -66
5 -65 -66 -65.5
6 -65 -66 -65.5
7 -65 -66 -65.5
8 -65 -66 -65.5
9 -65 -66 -65.5
10 -65 -65 -65
11 -65 -65 -65
12 -65 -65 -65
13 -65 -64 -64.5
14 -65 -64 -64.5
15 -65 -64 -64.5
16 -65 -64 -64.5
17 -65 -64 -64.5
18 -65 -64 -64.5
19 -65 -64 -64.5
20 -65 -64 -64.5
21 -65 -64 -64.5
22 -65 -64 -64.5
23 -65 -64 -64.5
24 -65 -64 -64.5
25 -65 -64 -64.5
26 -66 -64 -65
27 -66 -65 -65.5
28 -68 -65 -66.5
29 -68 -65 -66.5
30 -68 -65 -66.5
31 -69 -65 -67
32 -69 -65 -67
33 -69 -65 -67
34 -68 -65 -66.5
35 -67 -66 -66.5
36 -67 -66 -66.5
37 -67 -66 -66.5
38 -67 -69 -68
39 -67 -69 -68
40 -69 -69 -69
41 -72 -72 -72
42 -74 -74 -74
43 -74 -74 -74
44 -74 -74 -74
45 -73 -73 -73
46 -72 -70 -71
47 -70 -69 -69.5
48 -68 -69 -68.5
49 -68 -69 -68.5
50 -68 -69 -68.5
51 -68 -70 -69
52 -68 -71 -69.5
53 -68 -72 -70
54 -70 -73 -71.5
55 -70 -75 -72.5
56 -70 -75 -72.5
57 -70 -75 -72.5
58 -69 -72 -70.5
59 -67 -70 -68.5
60 -66 -69 -67.5
61 -65 -68 -66.5
62 -65 -66 -65.5
63 -64 -65 -64.5
64 -64 -65 -64.5
65 -64 -65 -64.5
66 -64 -65 -64.5
67 -64 -64 -64
68 -64 -64 -64
69 -64 -64 -64
70 -64 -64 -64
71 -64 -64 -64
72 -64 -64 -64
73 -64 -64 -64
74 -64 -65 -64.5
75 -64 -67 -65.5
76 -64 -67 -65.5
77 -64 -67 -65.5
78 -64 -68 -66
79 -65 -68 -66.5
80 -66 -69 -67.5
81 -66 -68 -67
82 -67 -67 -67
83 -68 -67 -67.5
84 -68 -67 -67.5
85 -68 -67 -67.5
86 -68 -67 -67.5
87 -68 -67 -67.5
88 -68 -65 -66.5
89 -67 -64 -65.5
90 -67 -63 -65
91 -66 -63 -64.5
92 -64 -63 -63.5
93 -64 -64 -64
94 -64 -63 -63.5
95 -64 -63 -63.5
96 -63 -63 -63

#8_8_2

1 -66 -67 -66.5
2 -65 -67 -66
3 -65 -67 -66
4 -65 -67 -66
5 -65 -67 -66
6 -65 -67 -66
7 -66 -67 -66.5
8 -66 -67 -66.5
9 -66 -68 -67
10 -66 -68 -67
11 -68 -68 -68
12 -68 -68 -68
13 -69 -66 -67.5
14 -69 -66 -67.5
15 -70 -66 -68
16 -70 -66 -68
17 -70 -66 -68
18 -70 -67 -68.5
19 -69 -68 -68.5
20 -68 -69 -68.5
21 -68 -70 -69
22 -68 -67 -67.5
23 -66 -69 -67.5
24 -66 -68 -67
25 -66 -68 -67
26 -66 -68 -67
27 -66 -69 -67.5
28 -65 -69 -67
29 -64 -68 -66
30 -64 -68 -66
31 -63 -68 -65.5
32 -62 -68 -65
33 -62 -68 -65
34 -62 -69 -65.5
35 -62 -69 -65.5
36 -62 -70 -66
37 -62 -70 -66
38 -62 -70 -66
39 -62 -70 -66
40 -65 -70 -67.5
41 -66 -70 -68
42 -69 -68 -68.5
43 -71 -68 -69.5
44 -73 -68 -70.5
45 -72 -68 -70
46 -69 -68 -68.5
47 -67 -67 -67
48 -65 -67 -66
49 -65 -68 -66.5
50 -64 -69 -66.5
51 -64 -70 -67
52 -64 -70 -67
53 -64 -71 -67.5
54 -64 -71 -67.5
55 -65 -71 -68
56 -65 -69 -67
57 -65 -67 -66
58 -65 -66 -65.5
59 -64 -65 -64.5
60 -63 -64 -63.5
61 -62 -64 -63
62 -62 -63 -62.5
63 -62 -63 -62.5
64 -62 -63 -62.5
65 -62 -63 -62.5
66 -62 -63 -62.5
67 -62 -63 -62.5
68 -62 -62 -62
69 -62 -62 -62
70 -62 -62 -62
71 -63 -62 -62.5
72 -63 -62 -62.5
73 -63 -62 -62.5
74 -63 -62 -62.5
75 -65 -62 -63.5
76 -65 -64 -64.5
77 -65 -64 -64.5
78 -67 -66 -66.5
79 -67 -68 -67.5
80 -69 -68 -68.5
81 -69 -69 -69
82 -70 -69 -69.5
83 -69 -70 -69.5
84 -69 -70 -69.5
85 -69 -68 -68.5
86 -69 -67 -68
87 -67 -66 -66.5
88 -67 -66 -66.5
89 -67 -64 -65.5
90 -67 -65 -66
91 -67 -65 -66
92 -67 -64 -65.5
93 -65 -63 -64
94 -63 -63 -63
95 -63 -63 -63
96 -63 -63 -63

#8_9_1
1 -65 -67 -66
2 -66 -67 -66.5
3 -67 -67 -67
4 -68 -67 -67.5
5 -68 -67 -67.5
6 -68 -67 -67.5
7 -68 -67 -67.5
8 -68 -67 -67.5
9 -68 -68 -68
10 -68 -68 -68
11 -68 -68 -68
12 -68 -68 -68
13 -68 -68 -68
14 -68 -69 -68.5
15 -68 -70 -69
16 -68 -70 -69
17 -67 -66 -66.5
18 -67 -65 -66
19 -66 -65 -65.5
20 -66 -65 -65.5
21 -65 -65 -65
22 -65 -65 -65
23 -65 -65 -65
24 -64 -65 -64.5
25 -64 -65 -64.5
26 -64 -65 -64.5
27 -63 -65 -64
28 -63 -65 -64
29 -63 -65 -64
30 -63 -65 -64
31 -63 -64 -63.5
32 -63 -64 -63.5
33 -63 -63 -63
34 -62 -62 -62
35 -62 -61 -61.5
36 -62 -61 -61.5
37 -61 -61 -61
38 -61 -61 -61
39 -61 -61 -61
40 -61 -61 -61
41 -61 -61 -61
42 -61 -61 -61
43 -61 -61 -61
44 -61 -62 -61.5
45 -61 -62 -61.5
46 -61 -64 -62.5
47 -62 -64 -63
48 -65 -65 -65
49 -65 -66 -65.5
50 -66 -67 -66.5
51 -66 -67 -66.5
52 -69 -67 -68
53 -69 -67 -68
54 -68 -67 -67.5
55 -66 -67 -66.5
56 -66 -66 -66
57 -66 -66 -66
58 -65 -66 -65.5
59 -65 -66 -65.5
60 -65 -66 -65.5
61 -65 -66 -65.5
62 -65 -66 -65.5
63 -65 -68 -66.5
64 -66 -70 -68
65 -67 -70 -68.5
66 -69 -73 -71
67 -71 -73 -72
68 -72 -74 -73
69 -75 -74 -74.5
70 -76 -74 -75
71 -72 -72 -72
72 -71 -69 -70
73 -70 -67 -68.5
74 -69 -67 -68
75 -69 -66 -67.5
76 -68 -66 -67
77 -67 -66 -66.5
78 -67 -66 -66.5
79 -67 -66 -66.5
80 -67 -66 -66.5
81 -67 -66 -66.5
82 -67 -66 -66.5
83 -67 -66 -66.5
84 -67 -66 -66.5
85 -67 -66 -66.5
86 -67 -66 -66.5
87 -67 -65 -66
88 -66 -64 -65
89 -66 -63 -64.5
90 -66 -63 -64.5
91 -64 -62 -63
92 -63 -62 -62.5
93 -63 -62 -62.5
94 -63 -62 -62.5
95 -62 -62 -62
96 -62 -62 -62

#8_9_2
1 -65 -67 -66
2 -67 -67 -67
3 -67 -67 -67
4 -68 -67 -67.5
5 -68 -68 -68
6 -68 -69 -68.5
7 -68 -70 -69
8 -68 -71 -69.5
9 -69 -71 -70
10 -69 -72 -70.5
11 -70 -70 -70
12 -70 -69 -69.5
13 -70 -70 -70
14 -70 -70 -70
15 -70 -68 -69
16 -70 -68 -69
17 -68 -66 -67
18 -68 -66 -67
19 -67 -66 -66.5
20 -67 -66 -66.5
21 -67 -66 -66.5
22 -66 -65 -65.5
23 -66 -66 -66
24 -64 -69 -66.5
25 -64 -69 -66.5
26 -65 -67 -66
27 -65 -66 -65.5
28 -65 -66 -65.5
29 -65 -65 -65
30 -65 -65 -65
31 -64 -66 -65
32 -63 -67 -65
33 -63 -64 -63.5
34 -63 -66 -64.5
35 -63 -62 -62.5
36 -62 -63 -62.5
37 -62 -61 -61.5
38 -62 -61 -61.5
39 -62 -61 -61.5
40 -62 -61 -61.5
41 -62 -61 -61.5
42 -61 -61 -61
43 -61 -64 -62.5
44 -62 -62 -62
45 -63 -64 -63.5
46 -64 -64 -64
47 -65 -64 -64.5
48 -67 -64 -65.5
49 -67 -64 -65.5
50 -69 -68 -68.5
51 -69 -67 -68
52 -68 -67 -67.5
53 -68 -67 -67.5
54 -68 -66 -67
55 -67 -66 -66.5
56 -64 -66 -65
57 -64 -66 -65
58 -64 -66 -65
59 -64 -66 -65
60 -63 -66 -64.5
61 -64 -66 -65
62 -64 -66 -65
63 -65 -66 -65.5
64 -66 -68 -67
65 -67 -70 -68.5
66 -67 -72 -69.5
67 -69 -73 -71
68 -70 -74 -72
69 -72 -74 -73
70 -73 -74 -73.5
71 -74 -72 -73
72 -73 -68 -70.5
73 -71 -67 -69
74 -67 -67 -67
75 -67 -67 -67
76 -67 -67 -67
77 -67 -67 -67
78 -67 -67 -67
79 -67 -66 -66.5
80 -67 -66 -66.5
81 -66 -66 -66
82 -66 -66 -66
83 -66 -66 -66
84 -65 -66 -65.5
85 -65 -66 -65.5
86 -65 -67 -66
87 -67 -66 -66.5
88 -67 -66 -66.5
89 -67 -66 -66.5
90 -65 -64 -64.5
91 -65 -63 -64
92 -65 -62 -63.5
93 -64 -62 -63
94 -62 -62 -62
95 -62 -62 -62
96 -62 -62 -62

#8_10_1
1 -61 -60 -60.5
2 -59 -60 -59.5
3 -59 -60 -59.5
4 -59 -60 -59.5
5 -58 -60 -59
6 -58 -60 -59
7 -58 -60 -59
8 -58 -60 -59
9 -58 -60 -59
10 -58 -60 -59
11 -58 -61 -59.5
12 -58 -61 -59.5
13 -58 -62 -60
14 -58 -62 -60
15 -59 -62 -60.5
16 -59 -63 -61
17 -59 -64 -61.5
18 -59 -64 -61.5
19 -59 -64 -61.5
20 -60 -64 -62
21 -60 -64 -62
22 -60 -65 -62.5
23 -60 -65 -62.5
24 -60 -65 -62.5
25 -60 -65 -62.5
26 -60 -65 -62.5
27 -60 -65 -62.5
28 -60 -67 -63.5
29 -60 -67 -63.5
30 -60 -68 -64
31 -60 -70 -65
32 -60 -71 -65.5
33 -60 -74 -67
34 -61 -75 -68
35 -61 -75 -68
36 -62 -72 -67
37 -62 -72 -67
38 -63 -72 -67.5
39 -63 -69 -66
40 -63 -68 -65.5
41 -63 -68 -65.5
42 -63 -67 -65
43 -63 -67 -65
44 -63 -69 -66
45 -63 -69 -66
46 -64 -70 -67
47 -64 -71 -67.5
48 -64 -71 -67.5
49 -67 -71 -69
50 -67 -70 -68.5
51 -67 -69 -68
52 -67 -66 -66.5
53 -67 -65 -66
54 -66 -62 -64
55 -65 -61 -63
56 -64 -61 -62.5
57 -62 -61 -61.5
58 -61 -61 -61
59 -61 -61 -61
60 -61 -61 -61
61 -60 -62 -61
62 -60 -62 -61
63 -60 -62 -61
64 -60 -62 -61
65 -60 -63 -61.5
66 -60 -63 -61.5
67 -61 -64 -62.5
68 -62 -66 -64
69 -63 -67 -65
70 -64 -68 -66
71 -65 -69 -67
72 -66 -69 -67.5
73 -66 -70 -68
74 -68 -70 -69
75 -68 -69 -68.5
76 -71 -69 -70
77 -72 -69 -70.5
78 -73 -69 -71
79 -73 -69 -71
80 -72 -70 -71
81 -72 -68 -70
82 -71 -67 -69
83 -71 -68 -69.5
84 -69 -67 -68
85 -67 -67 -67
86 -67 -67 -67
87 -67 -67 -67
88 -66 -68 -67
89 -64 -67 -65.5
90 -63 -67 -65
91 -64 -67 -65.5
92 -66 -68 -67
93 -68 -68 -68
94 -69 -69 -69
95 -71 -71 -71
96 -68 -68 -68

#8_10_2
1 -58 -59 -58.5
2 -58 -59 -58.5
3 -58 -59 -58.5
4 -58 -59 -58.5
5 -58 -59 -58.5
6 -58 -59 -58.5
7 -58 -59 -58.5
8 -58 -59 -58.5
9 -59 -59 -59
10 -59 -61 -60
11 -59 -61 -60
12 -59 -61 -60
13 -59 -62 -60.5
14 -60 -62 -61
15 -61 -62 -61.5
16 -61 -63 -62
17 -61 -63 -62
18 -61 -63 -62
19 -61 -64 -62.5
20 -62 -65 -63.5
21 -62 -65 -63.5
22 -62 -65 -63.5
23 -62 -66 -64
24 -62 -66 -64
25 -62 -66 -64
26 -62 -66 -64
27 -62 -66 -64
28 -62 -66 -64
29 -62 -67 -64.5
30 -62 -67 -64.5
31 -62 -69 -65.5
32 -62 -71 -66.5
33 -63 -73 -68
34 -65 -73 -69
35 -65 -74 -69.5
36 -65 -71 -68
37 -65 -71 -68
38 -65 -70 -67.5
39 -65 -69 -67
40 -65 -69 -67
41 -66 -69 -67.5
42 -66 -69 -67.5
43 -66 -69 -67.5
44 -66 -70 -68
45 -66 -70 -68
46 -66 -70 -68
47 -66 -72 -69
48 -67 -71 -69
49 -67 -71 -69
50 -69 -72 -70.5
51 -69 -68 -68.5
52 -69 -67 -68
53 -68 -66 -67
54 -66 -63 -64.5
55 -63 -62 -62.5
56 -63 -61 -62
57 -62 -61 -61.5
58 -62 -61 -61.5
59 -61 -61 -61
60 -61 -61 -61
61 -61 -61 -61
62 -61 -62 -61.5
63 -61 -62 -61.5
64 -61 -63 -62
65 -61 -63 -62
66 -61 -64 -62.5
67 -61 -66 -63.5
68 -62 -67 -64.5
69 -63 -67 -65
70 -64 -67 -65.5
71 -65 -68 -66.5
72 -66 -69 -67.5
73 -66 -69 -67.5
74 -66 -70 -68
75 -66 -70 -68
76 -68 -72 -70
77 -70 -72 -71
78 -70 -73 -71.5
79 -71 -73 -72
80 -72 -71 -71.5
81 -72 -69 -70.5
82 -72 -68 -70
83 -71 -68 -69.5
84 -70 -66 -68
85 -68 -65 -66.5
86 -67 -65 -66
87 -67 -66 -66.5
88 -66 -67 -66.5
89 -66 -67 -66.5
90 -66 -67 -66.5
91 -66 -68 -67
92 -66 -69 -67.5
93 -67 -69 -68
94 -67 -69 -68
95 -69 -69 -69
96 -69 -69 -69

#8_11_1
1 -66 -69 -67.5
2 -66 -68 -67
3 -66 -68 -67
4 -66 -68 -67
5 -66 -70 -68
6 -65 -70 -67.5
7 -64 -72 -68
8 -64 -72 -68
9 -64 -73 -68.5
10 -64 -75 -69.5
11 -63 -75 -69
12 -63 -75 -69
13 -62 -74 -68
14 -62 -71 -66.5
15 -61 -69 -65
16 -61 -67 -64
17 -61 -65 -63
18 -61 -63 -62
19 -61 -62 -61.5
20 -61 -61 -61
21 -61 -60 -60.5
22 -61 -60 -60.5
23 -61 -60 -60.5
24 -61 -60 -60.5
25 -61 -60 -60.5
26 -61 -60 -60.5
27 -60 -60 -60
28 -60 -60 -60
29 -62 -60 -61
30 -62 -61 -61.5
31 -62 -61 -61.5
32 -62 -61 -61.5
33 -62 -61 -61.5
34 -62 -61 -61.5
35 -62 -63 -62.5
36 -62 -64 -63
37 -62 -65 -63.5
38 -62 -65 -63.5
39 -62 -66 -64
40 -62 -65 -63.5
41 -62 -65 -63.5
42 -62 -65 -63.5
43 -62 -64 -63
44 -62 -64 -63
45 -62 -64 -63
46 -62 -64 -63
47 -62 -67 -64.5
48 -64 -66 -65
49 -65 -66 -65.5
50 -67 -66 -66.5
51 -68 -67 -67.5
52 -68 -73 -70.5
53 -68 -73 -70.5
54 -68 -70 -69
55 -65 -68 -66.5
56 -65 -65 -65
57 -65 -64 -64.5
58 -64 -64 -64
59 -63 -67 -65
60 -63 -68 -65.5
61 -62 -68 -65
62 -62 -68 -65
63 -66 -64 -65
64 -66 -66 -66
65 -66 -66 -66
66 -66 -65 -65.5
67 -68 -63 -65.5
68 -68 -63 -65.5
69 -69 -65 -67
70 -71 -65 -68
71 -69 -67 -68
72 -72 -68 -70
73 -68 -69 -68.5
74 -67 -69 -68
75 -66 -71 -68.5
76 -65 -71 -68
77 -68 -72 -70
78 -68 -71 -69.5
79 -66 -72 -69
80 -64 -77 -70.5
81 -64 -74 -69
82 -64 -71 -67.5
83 -64 -71 -67.5
84 -64 -68 -66
85 -64 -68 -66
86 -64 -66 -65
87 -64 -66 -65
88 -63 -64 -63.5
89 -62 -61 -61.5
90 -62 -61 -61.5
91 -62 -60 -61
92 -62 -59 -60.5
93 -61 -59 -60
94 -61 -58 -59.5
95 -58 -58 -58
96 -58 -58 -58

#8_11_2
1 -67 -68 -67.5
2 -68 -68 -68
3 -68 -68 -68
4 -68 -68 -68
5 -69 -68 -68.5
6 -69 -68 -68.5
7 -70 -68 -69
8 -70 -71 -70.5
9 -71 -72 -71.5
10 -72 -73 -72.5
11 -73 -74 -73.5
12 -75 -74 -74.5
13 -76 -73 -74.5
14 -76 -70 -73
15 -74 -68 -71
16 -71 -66 -68.5
17 -68 -65 -66.5
18 -66 -64 -65
19 -64 -62 -63
20 -64 -60 -62
21 -63 -60 -61.5
22 -62 -60 -61
23 -62 -60 -61
24 -62 -60 -61
25 -62 -60 -61
26 -62 -60 -61
27 -61 -60 -60.5
28 -61 -61 -61
29 -61 -61 -61
30 -61 -61 -61
31 -60 -61 -60.5
32 -60 -61 -60.5
33 -60 -61 -60.5
34 -60 -61 -60.5
35 -60 -62 -61
36 -60 -63 -61.5
37 -60 -63 -61.5
38 -61 -66 -63.5
39 -62 -67 -64.5
40 -62 -67 -64.5
41 -63 -67 -65
42 -63 -66 -64.5
43 -63 -66 -64.5
44 -65 -65 -65
45 -65 -67 -66
46 -65 -67 -66
47 -65 -68 -66.5
48 -65 -69 -67
49 -65 -69 -67
50 -67 -70 -68.5
51 -71 -70 -70.5
52 -71 -70 -70.5
53 -67 -69 -68
54 -67 -65 -66
55 -67 -65 -66
56 -67 -65 -66
57 -66 -65 -65.5
58 -66 -66 -66
59 -65 -66 -65.5
60 -64 -66 -65
61 -65 -66 -65.5
62 -63 -66 -64.5
63 -63 -66 -64.5
64 -63 -66 -64.5
65 -64 -66 -65
66 -65 -66 -65.5
67 -65 -66 -65.5
68 -66 -66 -66
69 -66 -67 -66.5
70 -67 -67 -67
71 -70 -65 -67.5
72 -70 -70 -70
73 -70 -74 -72
74 -70 -70 -70
75 -70 -68 -69
76 -70 -66 -68
77 -66 -66 -66
78 -66 -65 -65.5
79 -65 -67 -66
80 -67 -72 -69.5
81 -66 -70 -68
82 -68 -70 -69
83 -70 -68 -69
84 -70 -66 -68
85 -69 -64 -66.5
86 -67 -64 -65.5
87 -66 -64 -65
88 -65 -62 -63.5
89 -63 -61 -62
90 -63 -60 -61.5
91 -63 -60 -61.5
92 -62 -60 -61
93 -62 -60 -61
94 -62 -61 -61.5
95 -62 -62 -62
96 -62 -62 -62

#8_12_1
1 -65 -77 -71
2 -73 -79 -76
3 -76 -76 -76
4 -78 -75 -76.5
5 -77 -72 -74.5
6 -74 -72 -73
7 -71 -68 -69.5
8 -69 -67 -68
9 -68 -66 -67
10 -66 -66 -66
11 -66 -66 -66
12 -66 -66 -66
13 -65 -66 -65.5
14 -65 -66 -65.5
15 -65 -64 -64.5
16 -65 -64 -64.5
17 -65 -63 -64
18 -65 -63 -64
19 -65 -63 -64
20 -65 -63 -64
21 -65 -63 -64
22 -64 -63 -63.5
23 -64 -63 -63.5
24 -64 -63 -63.5
25 -63 -63 -63
26 -63 -63 -63
27 -63 -64 -63.5
28 -63 -64 -63.5
29 -63 -64 -63.5
30 -63 -65 -64
31 -66 -66 -66
32 -66 -69 -67.5
33 -68 -71 -69.5
34 -72 -73 -72.5
35 -76 -73 -74.5
36 -78 -70 -74
37 -75 -67 -71
38 -73 -65 -69
39 -69 -65 -67
40 -68 -65 -66.5
41 -67 -66 -66.5
42 -67 -67 -67
43 -67 -68 -67.5
44 -67 -71 -69
45 -67 -75 -71
46 -67 -70 -68.5
47 -67 -68 -67.5
48 -67 -67 -67
49 -66 -65 -65.5
50 -63 -62 -62.5
51 -63 -61 -62
52 -63 -61 -62
53 -63 -61 -62
54 -63 -61 -62
55 -63 -61 -62
56 -63 -61 -62
57 -63 -61 -62
58 -62 -61 -61.5
59 -60 -61 -60.5
60 -60 -61 -60.5
61 -60 -61 -60.5
62 -60 -61 -60.5
63 -60 -62 -61
64 -60 -62 -61
65 -60 -62 -61
66 -60 -63 -61.5
67 -60 -63 -61.5
68 -60 -65 -62.5
69 -60 -65 -62.5
70 -61 -69 -65
71 -62 -70 -66
72 -66 -71 -68.5
73 -67 -72 -69.5
74 -70 -74 -72
75 -76 -72 -74
76 -78 -72 -75
77 -74 -72 -73
78 -73 -69 -71
79 -70 -67 -68.5
80 -70 -66 -68
81 -70 -63 -66.5
82 -68 -63 -65.5
83 -64 -63 -63.5
84 -64 -62 -63
85 -61 -61 -61
86 -61 -61 -61
87 -61 -61 -61
88 -61 -61 -61
89 -61 -61 -61
90 -61 -61 -61
91 -61 -62 -61.5
92 -61 -62 -61.5
93 -61 -62 -61.5
94 -62 -62 -62
95 -64 -64 -64
96 -64 -64 -64

#8_12_2
1 -68 -75 -71.5
2 -73 -74 -73.5
3 -78 -71 -74.5
4 -78 -70 -74
5 -76 -68 -72
6 -71 -67 -69
7 -71 -67 -69
8 -69 -67 -68
9 -68 -66 -67
10 -68 -66 -67
11 -68 -66 -67
12 -67 -66 -66.5
13 -67 -66 -66.5
14 -67 -66 -66.5
15 -67 -65 -66
16 -67 -63 -65
17 -67 -63 -65
18 -67 -63 -65
19 -67 -63 -65
20 -66 -63 -64.5
21 -66 -63 -64.5
22 -65 -63 -64
23 -64 -63 -63.5
24 -63 -63 -63
25 -63 -63 -63
26 -62 -63 -62.5
27 -62 -63 -62.5
28 -62 -63 -62.5
29 -62 -65 -63.5
30 -62 -65 -63.5
31 -63 -66 -64.5
32 -66 -67 -66.5
33 -69 -69 -69
34 -72 -69 -70.5
35 -74 -69 -71.5
36 -74 -68 -71
37 -73 -67 -70
38 -70 -64 -67
39 -67 -64 -65.5
40 -67 -64 -65.5
41 -65 -64 -64.5
42 -65 -64 -64.5
43 -65 -66 -65.5
44 -65 -70 -67.5
45 -65 -74 -69.5
46 -65 -74 -69.5
47 -65 -71 -68
48 -65 -69 -67
49 -66 -65 -65.5
50 -66 -63 -64.5
51 -63 -61 -62
52 -62 -60 -61
53 -62 -59 -60.5
54 -61 -59 -60
55 -60 -59 -59.5
56 -60 -59 -59.5
57 -60 -59 -59.5
58 -60 -59 -59.5
59 -60 -59 -59.5
60 -60 -59 -59.5
61 -60 -60 -60
62 -60 -60 -60
63 -60 -61 -60.5
64 -61 -61 -61
65 -61 -62 -61.5
66 -61 -62 -61.5
67 -61 -64 -62.5
68 -61 -66 -63.5
69 -62 -66 -64
70 -64 -71 -67.5
71 -64 -73 -68.5
72 -66 -73 -69.5
73 -68 -73 -70.5
74 -70 -75 -72.5
75 -70 -77 -73.5
76 -72 -78 -75
77 -75 -74 -74.5
78 -75 -71 -73
79 -76 -68 -72
80 -75 -66 -70.5
81 -72 -64 -68
82 -69 -63 -66
83 -69 -61 -65
84 -66 -61 -63.5
85 -65 -60 -62.5
86 -63 -60 -61.5
87 -63 -60 -61.5
88 -62 -60 -61
89 -61 -60 -60.5
90 -61 -61 -61
91 -61 -62 -61.5
92 -61 -62 -61.5
93 -61 -62 -61.5
94 -61 -62 -61.5
95 -61 -62 -61.5
96 -61 -61 -61


