#16_1_1
1 -44 -41 -42.5
2 -46 -41 -43.5
3 -44 -42 -43
4 -44 -43 -43.5
5 -44 -44 -44
6 -42 -44 -43
7 -42 -44 -43
8 -41 -44 -42.5
9 -41 -44 -42.5
10 -41 -44 -42.5
11 -40 -44 -42
12 -40 -44 -42
13 -40 -44 -42
14 -40 -45 -42.5
15 -40 -43 -41.5
16 -41 -43 -42
17 -41 -43 -42
18 -42 -43 -42.5
19 -43 -43 -43
20 -44 -44 -44
21 -44 -44 -44
22 -44 -44 -44
23 -44 -44 -44
24 -44 -45 -44.5
25 -45 -45 -45
26 -45 -45 -45
27 -45 -45 -45
28 -45 -46 -45.5
29 -45 -46 -45.5
30 -45 -46 -45.5
31 -45 -47 -46
32 -45 -48 -46.5
33 -46 -48 -47
34 -47 -50 -48.5
35 -47 -51 -49
36 -50 -54 -52
37 -52 -55 -53.5
38 -53 -56 -54.5
39 -55 -56 -55.5
40 -57 -56 -56.5
41 -57 -56 -56.5
42 -58 -56 -57
43 -59 -56 -57.5
44 -59 -56 -57.5
45 -59 -56 -57.5
46 -58 -56 -57
47 -58 -56 -57
48 -58 -56 -57
49 -57 -56 -56.5
50 -57 -56 -56.5
51 -56 -56 -56
52 -55 -56 -55.5
53 -55 -56 -55.5
54 -55 -57 -56
55 -55 -57 -56
56 -55 -57 -56
57 -55 -57 -56
58 -55 -57 -56
59 -55 -56 -55.5
60 -55 -56 -55.5
61 -55 -55 -55
62 -55 -55 -55
63 -55 -55 -55
64 -55 -55 -55
65 -55 -55 -55
66 -54 -55 -54.5
67 -53 -55 -54
68 -53 -55 -54
69 -53 -56 -54.5
70 -54 -56 -55
71 -53 -57 -55
72 -53 -58 -55.5
73 -53 -58 -55.5
74 -53 -58 -55.5
75 -54 -60 -57
76 -55 -61 -58
77 -56 -62 -59
78 -56 -62 -59
79 -58 -62 -60
80 -58 -62 -60
81 -59 -62 -60.5
82 -59 -62 -60.5
83 -60 -62 -61
84 -61 -62 -61.5
85 -60 -61 -60.5
86 -60 -61 -60.5
87 -60 -60 -60
88 -60 -60 -60
89 -60 -60 -60
90 -60 -60 -60
91 -61 -59 -60
92 -62 -61 -61.5
93 -62 -61 -61.5
94 -62 -61 -61.5
95 -61 -61 -61
96 -61 -61 -61

#16_1_2
1 -40 -41 -40.5
2 -39 -41 -40
3 -39 -41 -40
4 -39 -42 -40.5
5 -39 -42 -40.5
6 -39 -42 -40.5
7 -41 -43 -42
8 -41 -43 -42
9 -42 -43 -42.5
10 -44 -43 -43.5
11 -44 -44 -44
12 -45 -44 -44.5
13 -46 -44 -45
14 -48 -44 -46
15 -50 -44 -47
16 -53 -44 -48.5
17 -56 -45 -50.5
18 -56 -45 -50.5
19 -53 -45 -49
20 -50 -45 -47.5
21 -50 -45 -47.5
22 -50 -46 -48
23 -47 -46 -46.5
24 -47 -46 -46.5
25 -47 -46 -46.5
26 -46 -46 -46
27 -46 -46 -46
28 -45 -46 -45.5
29 -45 -46 -45.5
30 -45 -46 -45.5
31 -45 -46 -45.5
32 -45 -47 -46
33 -45 -48 -46.5
34 -46 -48 -47
35 -47 -49 -48
36 -48 -50 -49
37 -51 -52 -51.5
38 -53 -55 -54
39 -54 -56 -55
40 -54 -57 -55.5
41 -56 -57 -56.5
42 -56 -57 -56.5
43 -56 -57 -56.5
44 -56 -56 -56
45 -56 -55 -55.5
46 -56 -55 -55.5
47 -56 -54 -55
48 -55 -54 -54.5
49 -54 -54 -54
50 -53 -54 -53.5
51 -52 -54 -53
52 -51 -54 -52.5
53 -51 -54 -52.5
54 -51 -54 -52.5
55 -51 -54 -52.5
56 -52 -54 -53
57 -52 -54 -53
58 -53 -54 -53.5
59 -53 -54 -53.5
60 -53 -54 -53.5
61 -53 -53 -53
62 -53 -53 -53
63 -53 -53 -53
64 -53 -53 -53
65 -53 -54 -53.5
66 -52 -54 -53
67 -52 -54 -53
68 -52 -55 -53.5
69 -52 -55 -53.5
70 -52 -55 -53.5
71 -52 -56 -54
72 -52 -56 -54
73 -54 -56 -55
74 -54 -57 -55.5
75 -55 -60 -57.5
76 -56 -60 -58
77 -56 -61 -58.5
78 -58 -62 -60
79 -59 -63 -61
80 -60 -65 -62.5
81 -61 -64 -62.5
82 -61 -64 -62.5
83 -61 -64 -62.5
84 -62 -64 -63
85 -62 -63 -62.5
86 -62 -62 -62
87 -61 -61 -61
88 -60 -60 -60
89 -60 -59 -59.5
90 -60 -58 -59
91 -59 -58 -58.5
92 -59 -57 -58
93 -58 -57 -57.5
94 -58 -58 -58
95 -58 -58 -58
96 -58 -58 -58

#16_2_1
1 -44 -45 -44.5
2 -44 -45 -44.5
3 -44 -45 -44.5
4 -44 -46 -45
5 -44 -46 -45
6 -45 -53 -49
7 -45 -47 -46
8 -45 -47 -46
9 -45 -47 -46
10 -45 -47 -46
11 -45 -47 -46
12 -45 -47 -46
13 -45 -47 -46
14 -45 -47 -46
15 -46 -47 -46.5
16 -46 -47 -46.5
17 -46 -47 -46.5
18 -46 -48 -47
19 -46 -48 -47
20 -46 -48 -47
21 -47 -48 -47.5
22 -48 -48 -48
23 -49 -48 -48.5
24 -50 -48 -49
25 -50 -48 -49
26 -50 -48 -49
27 -50 -47 -48.5
28 -50 -47 -48.5
29 -50 -47 -48.5
30 -49 -47 -48
31 -49 -47 -48
32 -49 -47 -48
33 -48 -48 -48
34 -48 -48 -48
35 -48 -49 -48.5
36 -48 -49 -48.5
37 -48 -49 -48.5
38 -48 -50 -49
39 -48 -52 -50
40 -53 -52 -52.5
41 -51 -55 -53
42 -51 -56 -53.5
43 -51 -56 -53.5
44 -51 -57 -54
45 -53 -57 -55
46 -55 -57 -56
47 -55 -57 -56
48 -57 -57 -57
49 -57 -57 -57
50 -57 -57 -57
51 -58 -56 -57
52 -58 -55 -56.5
53 -58 -54 -56
54 -57 -54 -55.5
55 -57 -52 -54.5
56 -57 -50 -53.5
57 -55 -49 -52
58 -53 -49 -51
59 -51 -48 -49.5
60 -51 -48 -49.5
61 -51 -48 -49.5
62 -50 -48 -49
63 -49 -48 -48.5
64 -49 -48 -48.5
65 -49 -48 -48.5
66 -49 -49 -49
67 -49 -49 -49
68 -49 -50 -49.5
69 -49 -50 -49.5
70 -49 -54 -51.5
71 -50 -55 -52.5
72 -52 -56 -54
73 -54 -57 -55.5
74 -57 -58 -57.5
75 -58 -60 -59
76 -59 -62 -60.5
77 -61 -64 -62.5
78 -63 -65 -64
79 -64 -68 -66
80 -64 -68 -66
81 -64 -65 -64.5
82 -62 -61 -61.5
83 -61 -59 -60
84 -59 -57 -58
85 -59 -57 -58
86 -58 -56 -57
87 -57 -55 -56
88 -57 -55 -56
89 -57 -55 -56
90 -56 -55 -55.5
91 -56 -55 -55.5
92 -56 -55 -55.5
93 -56 -55 -55.5
94 -56 -55 -55.5
95 -55 -55 -55
96 -55 -55 -55



#16_4_1
1 -54 -49 -51.5
2 -50 -49 -49.5
3 -49 -49 -49
4 -49 -49 -49
5 -49 -49 -49
6 -49 -50 -49.5
7 -49 -50 -49.5
8 -50 -50 -50
9 -50 -50 -50
10 -50 -51 -50.5
11 -50 -51 -50.5
12 -50 -51 -50.5
13 -49 -51 -50
14 -49 -52 -50.5
15 -51 -53 -52
16 -52 -54 -53
17 -52 -54 -53
18 -52 -54 -53
19 -53 -55 -54
20 -53 -55 -54
21 -54 -56 -55
22 -54 -56 -55
23 -54 -56 -55
24 -55 -56 -55.5
25 -55 -56 -55.5
26 -56 -56 -56
27 -56 -56 -56
28 -56 -56 -56
29 -56 -56 -56
30 -56 -56 -56
31 -56 -56 -56
32 -56 -56 -56
33 -56 -56 -56
34 -56 -56 -56
35 -56 -57 -56.5
36 -56 -57 -56.5
37 -56 -57 -56.5
38 -56 -57 -56.5
39 -56 -57 -56.5
40 -56 -58 -57
41 -56 -58 -57
42 -56 -58 -57
43 -56 -58 -57
44 -56 -59 -57.5
45 -56 -60 -58
46 -56 -61 -58.5
47 -58 -61 -59.5
48 -58 -62 -60
49 -59 -63 -61
50 -61 -64 -62.5
51 -63 -64 -63.5
52 -64 -62 -63
53 -65 -61 -63
54 -66 -60 -63
55 -65 -58 -61.5
56 -63 -56 -59.5
57 -61 -55 -58
58 -60 -55 -57.5
59 -58 -54 -56
60 -58 -53 -55.5
61 -57 -53 -55
62 -56 -53 -54.5
63 -57 -53 -55
64 -55 -53 -54
65 -55 -53 -54
66 -55 -53 -54
67 -55 -55 -55
68 -55 -56 -55.5
69 -55 -57 -56
70 -55 -58 -56.5
71 -56 -59 -57.5
72 -57 -60 -58.5
73 -58 -61 -59.5
74 -60 -61 -60.5
75 -60 -61 -60.5
76 -60 -62 -61
77 -60 -60 -60
78 -59 -59 -59
79 -58 -58 -58
80 -57 -57 -57
81 -57 -57 -57
82 -57 -57 -57
83 -57 -57 -57
84 -57 -57 -57
85 -57 -59 -58
86 -57 -59 -58
87 -57 -60 -58.5
88 -58 -61 -59.5
89 -59 -61 -60
90 -59 -62 -60.5
91 -60 -63 -61.5
92 -61 -63 -62
93 -63 -63 -63
94 -64 -63 -63.5
95 -64 -63 -63.5
96 -64 -64 -64

#16_4_2
1 -48 -49 -48.5	

2 -48 -49 -48.5	

3 -48 -49 -48.5	

4 -49 -50 -49.5	

5 -49 -50 -49.5	

6 -49 -50 -49.5	

7 -49 -51 -50	

8 -49 -51 -50	

9 -49 -51 -50	

10 -50 -51 -50.5	

11 -52 -51 -51.5	

12 -52 -51 -51.5	

13 -52 -51 -51.5	

14 -52 -51 -51.5	

15 -52 -51 -51.5	

16 -53 -51 -52	

17 -53 -52 -52.5	

18 -52 -53 -52.5	

19 -52 -54 -53	

20 -53 -54 -53.5	

21 -53 -55 -54	

22 -53 -56 -54.5	

23 -55 -56 -55.5	

24 -55 -56 -55.5	

25 -55 -56 -55.5	

26 -55 -56 -55.5	

27 -55 -56 -55.5	

28 -55 -56 -55.5	

29 -55 -56 -55.5	

30 -55 -56 -55.5	

31 -55 -57 -56	

32 -55 -57 -56	

33 -55 -57 -56	

34 -55 -57 -56	

35 -55 -59 -57	

36 -55 -59 -57	

37 -55 -59 -57	

38 -55 -59 -57	

39 -55 -59 -57	

40 -55 -59 -57	

41 -55 -59 -57	

42 -55 -59 -57	

43 -55 -60 -57.5	

44 -55 -60 -57.5	

45 -55 -60 -57.5	

46 -56 -62 -59	

47 -57 -62 -59.5	

48 -58 -63 -60.5	

49 -58 -64 -61	

50 -60 -64 -62	

51 -61 -64 -62.5	

52 -62 -64 -63	

53 -63 -63 -63	

54 -63 -60 -61.5	

55 -63 -58 -60.5	

56 -61 -57 -59	

57 -59 -55 -57	

58 -58 -55 -56.5	

59 -58 -55 -56.5	

60 -58 -54 -56	

61 -57 -54 -55.5	

62 -56 -54 -55	

63 -56 -54 -55	

64 -55 -54 -54.5	

65 -55 -54 -54.5	

66 -55 -54 -54.5	

67 -55 -54 -54.5	

68 -55 -56 -55.5	

69 -55 -56 -55.5	

70 -55 -58 -56.5	

71 -55 -58 -56.5	

72 -56 -58 -57	

73 -57 -59 -58	

74 -57 -59 -58	

75 -57 -59 -58	

76 -58 -59 -58.5	

77 -58 -59 -58.5	

78 -58 -59 -58.5	

79 -58 -58 -58	

80 -58 -58 -58	

81 -58 -58 -58	

82 -58 -58 -58	

83 -57 -59 -58	

84 -57 -59 -58	

85 -57 -60 -58.5	

86 -57 -60 -58.5	

87 -57 -61 -59	

88 -57 -61 -59	

89 -57 -61 -59	

90 -58 -62 -60	

91 -59 -64 -61.5	

92 -60 -65 -62.5	

93 -61 -61 -61	

94 -63 -61 -62	

95 -63 -62 -62.5	

96 -62 -62 -62


#16_5_1
1 -59 -57 -58
2 -57 -57 -57
3 -58 -57 -57.5
4 -58 -57 -57.5
5 -57 -57 -57
6 -57 -57 -57
7 -57 -57 -57
8 -57 -58 -57.5
9 -62 -58 -60
10 -58 -58 -58
11 -58 -58 -58
12 -58 -58 -58
13 -58 -57 -57.5
14 -58 -57 -57.5
15 -58 -57 -57.5
16 -58 -57 -57.5
17 -57 -57 -57
18 -57 -57 -57
19 -57 -58 -57.5
20 -57 -60 -58.5
21 -57 -60 -58.5
22 -58 -62 -60
23 -60 -64 -62
24 -63 -66 -64.5
25 -68 -68 -68
26 -73 -67 -70
27 -71 -63 -67
28 -67 -59 -63
29 -63 -59 -61
30 -61 -59 -60
31 -61 -59 -60
32 -60 -59 -59.5
33 -59 -60 -59.5
34 -59 -60 -59.5
35 -59 -60 -59.5
36 -59 -58 -58.5
37 -59 -57 -58
38 -58 -57 -57.5
39 -58 -57 -57.5
40 -58 -57 -57.5
41 -58 -57 -57.5
42 -58 -57 -57.5
43 -58 -57 -57.5
44 -58 -58 -58
45 -58 -59 -58.5
46 -58 -59 -58.5
47 -58 -61 -59.5
48 -59 -62 -60.5
49 -61 -65 -63
50 -62 -67 -64.5
51 -65 -70 -67.5
52 -68 -70 -69
53 -69 -69 -69
54 -71 -66 -68.5
55 -71 -63 -67
56 -68 -63 -65.5
57 -65 -61 -63
58 -63 -59 -61
59 -62 -58 -60
60 -60 -58 -59
61 -60 -56 -58
62 -59 -56 -57.5
63 -58 -56 -57
64 -57 -55 -56
65 -56 -55 -55.5
66 -55 -55 -55
67 -55 -55 -55
68 -55 -55 -55
69 -55 -56 -55.5
70 -55 -56 -55.5
71 -55 -57 -56
72 -55 -57 -56
73 -55 -58 -56.5
74 -55 -58 -56.5
75 -56 -61 -58.5
76 -57 -62 -59.5
77 -58 -62 -60
78 -59 -64 -61.5
79 -60 -64 -62
80 -61 -62 -61.5
81 -62 -60 -61
82 -64 -60 -62
83 -64 -59 -61.5
84 -62 -59 -60.5
85 -62 -59 -60.5
86 -62 -59 -60.5
87 -60 -59 -59.5
88 -59 -58 -58.5
89 -58 -57 -57.5
90 -58 -57 -57.5
91 -58 -57 -57.5
92 -57 -57 -57
93 -57 -57 -57
94 -57 -57 -57
95 -57 -57 -57
96 -57 -57 -57

#16_5_2
1 -55 -52 -53.5	

2 -55 -53 -54	

3 -55 -55 -55	

4 -55 -57 -56	

5 -55 -53 -54	

6 -58 -55 -56.5	

7 -60 -55 -57.5	

8 -61 -56 -58.5	

9 -61 -58 -59.5	

10 -61 -56 -58.5	

11 -61 -56 -58.5	

12 -61 -56 -58.5	

13 -61 -56 -58.5	

14 -61 -56 -58.5	

15 -61 -56 -58.5	

16 -62 -56 -59	

17 -63 -56 -59.5	

18 -62 -56 -59	

19 -63 -56 -59.5	

20 -65 -56 -60.5	

21 -65 -56 -60.5	

22 -64 -54 -59	

23 -62 -56 -59	

24 -61 -56 -58.5	

25 -60 -56 -58	

26 -59 -56 -57.5	

27 -57 -56 -56.5	

28 -56 -56 -56	

29 -55 -56 -55.5	

30 -55 -56 -55.5	

31 -55 -56 -55.5	

32 -55 -56 -55.5	

33 -57 -56 -56.5	

34 -54 -56 -55	

35 -53 -56 -54.5	

36 -53 -57 -55	

37 -52 -57 -54.5	

38 -52 -60 -56	

39 -52 -58 -55	

40 -53 -59 -56	

41 -54 -60 -57	

42 -54 -62 -58	

43 -54 -65 -59.5	

44 -54 -69 -61.5	

45 -55 -69 -62	

46 -57 -70 -63.5	

47 -59 -67 -63	

48 -61 -63 -62	

49 -64 -62 -63	

50 -66 -62 -64	

51 -66 -62 -64	

52 -64 -63 -63.5	

53 -63 -63 -63	

54 -62 -65 -63.5	

55 -62 -65 -63.5	

56 -63 -68 -65.5	

57 -66 -65 -65.5	

58 -66 -62 -64	

59 -64 -60 -62	

60 -63 -59 -61	

61 -60 -59 -59.5	

62 -59 -58 -58.5	

63 -59 -58 -58.5	

64 -58 -57 -57.5	

65 -57 -57 -57	

66 -56 -57 -56.5	

67 -56 -57 -56.5	

68 -56 -57 -56.5	

69 -56 -57 -56.5	

70 -55 -61 -58	

71 -55 -61 -58	

72 -57 -60 -58.5	

73 -57 -60 -58.5	

74 -57 -61 -59	

75 -59 -61 -60	

76 -59 -64 -61.5	

77 -60 -64 -62	

78 -61 -64 -62.5	

79 -62 -63 -62.5	

80 -61 -62 -61.5	

81 -61 -62 -61.5	

82 -62 -62 -62	

83 -64 -61 -62.5	

84 -66 -61 -63.5	

85 -70 -61 -65.5	

86 -72 -61 -66.5	

87 -72 -63 -67.5	

88 -72 -64 -68	

89 -71 -63 -67	

90 -68 -61 -64.5	

91 -67 -61 -64	

92 -65 -61 -63	

93 -64 -61 -62.5	

94 -63 -61 -62	

95 -62 -61 -61.5	

96 -62 -62 -62

#16_6_1
1 -56 -56 -56
2 -54 -58 -56
3 -53 -55 -54
4 -54 -55 -54.5
5 -54 -56 -55
6 -55 -56 -55.5
7 -55 -56 -55.5
8 -55 -57 -56
9 -55 -59 -57
10 -57 -57 -57
11 -57 -58 -57.5
12 -57 -58 -57.5
13 -57 -59 -58
14 -57 -60 -58.5
15 -57 -60 -58.5
16 -57 -61 -59
17 -58 -61 -59.5
18 -59 -61 -60
19 -60 -63 -61.5
20 -60 -64 -62
21 -60 -64 -62
22 -61 -64 -62.5
23 -62 -64 -63
24 -63 -64 -63.5
25 -64 -64 -64
26 -64 -64 -64
27 -65 -64 -64.5
28 -65 -64 -64.5
29 -65 -64 -64.5
30 -65 -64 -64.5
31 -65 -64 -64.5
32 -65 -64 -64.5
33 -65 -64 -64.5
34 -65 -64 -64.5
35 -65 -65 -65
36 -65 -65 -65
37 -65 -64 -64.5
38 -65 -64 -64.5
39 -64 -64 -64
40 -64 -65 -64.5
41 -64 -65 -64.5
42 -64 -66 -65
43 -65 -68 -66.5
44 -66 -70 -68
45 -70 -70 -70
46 -72 -70 -71
47 -72 -70 -71
48 -70 -70 -70
49 -69 -69 -69
50 -67 -66 -66.5
51 -64 -66 -65
52 -64 -69 -66.5
53 -64 -69 -66.5
54 -64 -70 -67
55 -64 -70 -67
56 -64 -73 -68.5
57 -67 -73 -70
58 -70 -74 -72
59 -73 -73 -73
60 -73 -68 -70.5
61 -71 -67 -69
62 -69 -66 -67.5
63 -67 -66 -66.5
64 -66 -66 -66
65 -65 -67 -66
66 -64 -68 -66
67 -64 -68 -66
68 -64 -69 -66.5
69 -64 -69 -66.5
70 -64 -71 -67.5
71 -68 -71 -69.5
72 -68 -69 -68.5
73 -70 -68 -69
74 -73 -67 -70
75 -73 -66 -69.5
76 -71 -66 -68.5
77 -72 -66 -69
78 -70 -66 -68
79 -69 -66 -67.5
80 -67 -66 -66.5
81 -66 -66 -66
82 -66 -66 -66
83 -68 -66 -67
84 -68 -66 -67
85 -69 -65 -67
86 -73 -66 -69.5
87 -73 -66 -69.5
88 -74 -67 -70.5
89 -75 -67 -71
90 -76 -67 -71.5
91 -76 -68 -72
92 -76 -71 -73.5
93 -74 -71 -72.5
94 -73 -70 -71.5
95 -70 -69 -69.5
96 -68 -68 -68

#16_6_2
1 -58 -56 -57
2 -56 -58 -57
3 -55 -58 -56.5
4 -55 -58 -56.5
5 -55 -59 -57
6 -55 -60 -57.5
7 -55 -61 -58
8 -57 -61 -59
9 -57 -63 -60
10 -57 -63 -60
11 -57 -65 -61
12 -60 -66 -63
13 -64 -68 -66
14 -66 -70 -68
15 -69 -70 -69.5
16 -65 -70 -67.5
17 -67 -68 -67.5
18 -68 -68 -68
19 -68 -68 -68
20 -68 -67 -67.5
21 -69 -65 -67
22 -69 -64 -66.5
23 -69 -63 -66
24 -68 -62 -65
25 -67 -61 -64
26 -66 -60 -63
27 -65 -60 -62.5
28 -64 -60 -62
29 -63 -60 -61.5
30 -62 -60 -61
31 -62 -60 -61
32 -63 -60 -61.5
33 -62 -60 -61
34 -62 -60 -61
35 -61 -60 -60.5
36 -60 -60 -60
37 -60 -60 -60
38 -61 -61 -61
39 -61 -61 -61
40 -61 -62 -61.5
41 -62 -64 -63
42 -63 -65 -64
43 -65 -65 -65
44 -67 -69 -68
45 -70 -67 -68.5
46 -70 -67 -68.5
47 -70 -66 -68
48 -68 -64 -66
49 -65 -63 -64
50 -65 -62 -63.5
51 -62 -62 -62
52 -62 -62 -62
53 -61 -62 -61.5
54 -61 -62 -61.5
55 -61 -62 -61.5
56 -61 -63 -62
57 -61 -64 -62.5
58 -62 -65 -63.5
59 -62 -67 -64.5
60 -63 -68 -65.5
61 -63 -70 -66.5
62 -65 -72 -68.5
63 -66 -72 -69
64 -67 -72 -69.5
65 -67 -70 -68.5
66 -67 -69 -68
67 -68 -69 -68.5
68 -68 -65 -66.5
69 -66 -65 -65.5
70 -65 -63 -64
71 -64 -63 -63.5
72 -63 -62 -62.5
73 -63 -62 -62.5
74 -63 -62 -62.5
75 -63 -62 -62.5
76 -62 -62 -62
77 -62 -62 -62
78 -61 -62 -61.5
79 -61 -62 -61.5
80 -63 -63 -63
81 -63 -65 -64
82 -64 -65 -64.5
83 -65 -67 -66
84 -65 -69 -67
85 -67 -71 -69
86 -69 -74 -71.5
87 -73 -75 -74
88 -77 -75 -76
89 -78 -77 -77.5
90 -77 -74 -75.5
91 -74 -71 -72.5
92 -72 -70 -71
93 -72 -68 -70
94 -72 -68 -70
95 -69 -68 -68.5
96 -67 -67 -67



#16_7_1
1 -62 -59 -60.5
2 -62 -58 -60
3 -62 -58 -60
4 -61 -58 -59.5
5 -61 -57 -59
6 -59 -57 -58
7 -59 -57 -58
8 -59 -57 -58
9 -57 -55 -56
10 -57 -54 -55.5
11 -57 -54 -55.5
12 -57 -54 -55.5
13 -56 -54 -55
14 -56 -54 -55
15 -56 -54 -55
16 -56 -54 -55
17 -56 -54 -55
18 -56 -54 -55
19 -54 -55 -54.5
20 -54 -55 -54.5
21 -54 -56 -55
22 -54 -56 -55
23 -54 -56 -55
24 -54 -56 -55
25 -54 -56 -55
26 -54 -56 -55
27 -53 -56 -54.5
28 -53 -56 -54.5
29 -54 -56 -55
30 -54 -56 -55
31 -54 -56 -55
32 -54 -56 -55
33 -54 -56 -55
34 -54 -56 -55
35 -54 -56 -55
36 -56 -56 -56
37 -56 -57 -56.5
38 -56 -57 -56.5
39 -56 -57 -56.5
40 -56 -58 -57
41 -56 -60 -58
42 -58 -61 -59.5
43 -59 -61 -60
44 -61 -61 -61
45 -62 -62 -62
46 -62 -62 -62
47 -64 -63 -63.5
48 -64 -63 -63.5
49 -65 -63 -64
50 -64 -63 -63.5
51 -64 -63 -63.5
52 -64 -63 -63.5
53 -63 -63 -63
54 -62 -62 -62
55 -61 -61 -61
56 -60 -60 -60
57 -59 -59 -59
58 -58 -58 -58
59 -57 -58 -57.5
60 -57 -58 -57.5
61 -57 -57 -57
62 -57 -57 -57
63 -57 -57 -57
64 -57 -57 -57
65 -57 -57 -57
66 -57 -58 -57.5
67 -57 -59 -58
68 -57 -59 -58
69 -57 -60 -58.5
70 -57 -61 -59
71 -60 -61 -60.5
72 -61 -63 -62
73 -61 -65 -63
74 -62 -67 -64.5
75 -65 -66 -65.5
76 -69 -66 -67.5
77 -69 -66 -67.5
78 -70 -66 -68
79 -70 -65 -67.5
80 -68 -62 -65
81 -66 -61 -63.5
82 -67 -61 -64
83 -63 -61 -62
84 -62 -61 -61.5
85 -62 -61 -61.5
86 -60 -61 -60.5
87 -60 -61 -60.5
88 -59 -61 -60
89 -59 -61 -60
90 -60 -62 -61
91 -61 -62 -61.5
92 -61 -62 -61.5
93 -61 -62 -61.5
94 -61 -62 -61.5
95 -61 -62 -61.5
96 -62 -62 -62

#16_7_2
1 -57 -55 -56	

2 -57 -55 -56	

3 -57 -55 -56	

4 -57 -55 -56	

5 -57 -55 -56	

6 -57 -55 -56	

7 -57 -55 -56	

8 -56 -55 -55.5	

9 -56 -55 -55.5	

10 -55 -55 -55	

11 -55 -55 -55	

12 -55 -55 -55	

13 -55 -55 -55	

14 -54 -56 -55	

15 -54 -56 -55	

16 -54 -56 -55	

17 -56 -56 -56	

18 -55 -56 -55.5	

19 -55 -57 -56	

20 -55 -57 -56	

21 -55 -57 -56	

22 -55 -57 -56	

23 -55 -57 -56	

24 -55 -57 -56	

25 -56 -57 -56.5	

26 -56 -57 -56.5	

27 -56 -57 -56.5	

28 -56 -57 -56.5	

29 -56 -57 -56.5	

30 -56 -57 -56.5	

31 -56 -57 -56.5	

32 -56 -57 -56.5	

33 -56 -57 -56.5	

34 -56 -57 -56.5	

35 -56 -57 -56.5	

36 -56 -57 -56.5	

37 -56 -57 -56.5	

38 -56 -59 -57.5	

39 -56 -59 -57.5	

40 -56 -59 -57.5	

41 -57 -60 -58.5	

42 -57 -60 -58.5	

43 -58 -60 -59	

44 -60 -61 -60.5	

45 -60 -61 -60.5	

46 -61 -61 -61	

47 -62 -61 -61.5	

48 -62 -62 -62	

49 -63 -62 -62.5	

50 -63 -62 -62.5	

51 -63 -63 -63	

52 -63 -63 -63	

53 -62 -63 -62.5	

54 -62 -60 -61	

55 -62 -60 -61	

56 -61 -59 -60	

57 -59 -58 -58.5	

58 -58 -57 -57.5	

59 -58 -57 -57.5	

60 -56 -57 -56.5	

61 -56 -57 -56.5	

62 -56 -57 -56.5	

63 -56 -57 -56.5	

64 -56 -57 -56.5	

65 -56 -57 -56.5	

66 -56 -58 -57	

67 -56 -58 -57	

68 -56 -58 -57	

69 -57 -59 -58	

70 -57 -61 -59	

71 -58 -61 -59.5	

72 -59 -62 -60.5	

73 -60 -63 -61.5	

74 -60 -65 -62.5	

75 -62 -66 -64	

76 -65 -68 -66.5	

77 -67 -68 -67.5	

78 -67 -68 -67.5	

79 -68 -66 -67	

80 -67 -64 -65.5	

81 -65 -64 -64.5	

82 -64 -65 -64.5	

83 -64 -63 -63.5	

84 -64 -62 -63	

85 -64 -62 -63	

86 -62 -62 -62	

87 -62 -60 -61	

88 -61 -60 -60.5	

89 -61 -60 -60.5	

90 -61 -60 -60.5	

91 -61 -60 -60.5	

92 -61 -60 -60.5	

93 -60 -62 -61	

94 -60 -62 -61	

95 -61 -62 -61.5	

96 -61 -61 -61

#16_8_1
1 -61 -57 -59	

2 -57 -57 -57	

3 -57 -57 -57	

4 -57 -57 -57	

5 -57 -57 -57	

6 -57 -57 -57	

7 -57 -57 -57	

8 -57 -58 -57.5	

9 -57 -58 -57.5	

10 -57 -58 -57.5	

11 -57 -58 -57.5	

12 -57 -58 -57.5	

13 -57 -60 -58.5	

14 -58 -60 -59	

15 -58 -60 -59	

16 -58 -60 -59	

17 -59 -60 -59.5	

18 -60 -60 -60	

19 -61 -60 -60.5	

20 -61 -60 -60.5	

21 -61 -60 -60.5	

22 -61 -60 -60.5	

23 -61 -60 -60.5	

24 -61 -60 -60.5	

25 -61 -60 -60.5	

26 -61 -60 -60.5	

27 -62 -60 -61	

28 -62 -60 -61	

29 -62 -59 -60.5	

30 -61 -59 -60	

31 -61 -59 -60	

32 -60 -59 -59.5	

33 -60 -59 -59.5	

34 -60 -61 -60.5	

35 -60 -62 -61	

36 -60 -62 -61	

37 -61 -64 -62.5	

38 -62 -65 -63.5	

39 -62 -68 -65	

40 -63 -69 -66	

41 -64 -71 -67.5	

42 -65 -74 -69.5	

43 -66 -76 -71	

44 -67 -75 -71	

45 -67 -75 -71	

46 -72 -75 -73.5	

47 -74 -76 -75	

48 -71 -76 -73.5	

49 -67 -73 -70	

50 -67 -73 -70	

51 -67 -73 -70	

52 -67 -69 -68	

53 -66 -66 -66	

54 -64 -66 -65	

55 -63 -65 -64	

56 -61 -63 -62	

57 -61 -62 -61.5	

58 -61 -62 -61.5	

59 -60 -62 -61	

60 -60 -62 -61	

61 -59 -62 -60.5	

62 -59 -62 -60.5	

63 -59 -62 -60.5	

64 -59 -62 -60.5	

65 -59 -62 -60.5	

66 -59 -63 -61	

67 -59 -64 -61.5	

68 -59 -64 -61.5	

69 -60 -66 -63	

70 -60 -68 -64	

71 -61 -68 -64.5	

72 -62 -69 -65.5	

73 -63 -70 -66.5	

74 -64 -72 -68	

75 -67 -69 -68	

76 -68 -69 -68.5	

77 -68 -67 -67.5	

78 -68 -67 -67.5	

79 -68 -68 -68	

80 -68 -68 -68	

81 -69 -68 -68.5	

82 -69 -68 -68.5	

83 -69 -69 -69	

84 -69 -68 -68.5	

85 -67 -69 -68	

86 -67 -70 -68.5	

87 -67 -70 -68.5	

88 -67 -73 -70	

89 -69 -72 -70.5	

90 -71 -72 -71.5	

91 -71 -72 -71.5	

92 -70 -73 -71.5	

93 -69 -74 -71.5	

94 -73 -75 -74	

95 -73 -75 -74	

96 -75 -75 -75




#16_8_2
1 -54 -55 -54.5
2 -55 -56 -55.5
3 -55 -56 -55.5
4 -55 -56 -55.5
5 -55 -56 -55.5
6 -55 -57 -56
7 -55 -59 -57
8 -58 -59 -58.5
9 -58 -59 -58.5
10 -58 -59 -58.5
11 -59 -60 -59.5
12 -60 -62 -61
13 -60 -59 -59.5
14 -59 -60 -59.5
15 -58 -60 -59
16 -58 -60 -59
17 -58 -61 -59.5
18 -57 -61 -59
19 -57 -61 -59
20 -60 -61 -60.5
21 -59 -61 -60
22 -59 -61 -60
23 -59 -61 -60
24 -59 -62 -60.5
25 -59 -60 -59.5
26 -59 -60 -59.5
27 -60 -60 -60
28 -60 -60 -60
29 -61 -60 -60.5
30 -61 -60 -60.5
31 -62 -60 -61
32 -62 -60 -61
33 -62 -61 -61.5
34 -63 -61 -62
35 -63 -64 -63.5
36 -63 -63 -63
37 -63 -64 -63.5
38 -63 -66 -64.5
39 -67 -71 -69
40 -63 -72 -67.5
41 -61 -75 -68
42 -61 -74 -67.5
43 -65 -73 -69
44 -69 -73 -71
45 -71 -68 -69.5
46 -74 -68 -71
47 -74 -71 -72.5
48 -70 -72 -71
49 -69 -73 -71
50 -69 -73 -71
51 -69 -73 -71
52 -68 -70 -69
53 -66 -66 -66
54 -65 -63 -64
55 -63 -62 -62.5
56 -62 -61 -61.5
57 -61 -61 -61
58 -61 -61 -61
59 -61 -61 -61
60 -61 -61 -61
61 -60 -61 -60.5
62 -61 -61 -61
63 -61 -61 -61
64 -61 -62 -61.5
65 -61 -62 -61.5
66 -61 -62 -61.5
67 -61 -62 -61.5
68 -61 -65 -63
69 -61 -66 -63.5
70 -61 -68 -64.5
71 -61 -68 -64.5
72 -62 -68 -65
73 -62 -68 -65
74 -63 -68 -65.5
75 -63 -68 -65.5
76 -65 -67 -66
77 -66 -67 -66.5
78 -69 -67 -68
79 -68 -67 -67.5
80 -69 -67 -68
81 -68 -68 -68
82 -68 -68 -68
83 -69 -68 -68.5
84 -69 -68 -68.5
85 -68 -69 -68.5
86 -68 -70 -69
87 -68 -71 -69.5
88 -67 -70 -68.5
89 -67 -71 -69
90 -68 -72 -70
91 -70 -73 -71.5
92 -70 -75 -72.5
93 -70 -77 -73.5
94 -72 -77 -74.5
95 -72 -76 -74
96 -74 -74 -74

#16_9_1
1 -55 -56 -55.5
2 -55 -56 -55.5
3 -55 -56 -55.5
4 -55 -56 -55.5
5 -55 -57 -56
6 -55 -58 -56.5
7 -58 -58 -58
8 -58 -58 -58
9 -58 -58 -58
10 -58 -59 -58.5
11 -58 -59 -58.5
12 -58 -59 -58.5
13 -58 -59 -58.5
14 -58 -59 -58.5
15 -58 -59 -58.5
16 -58 -59 -58.5
17 -58 -59 -58.5
18 -58 -59 -58.5
19 -58 -59 -58.5
20 -58 -59 -58.5
21 -58 -59 -58.5
22 -59 -59 -59
23 -59 -59 -59
24 -59 -59 -59
25 -59 -59 -59
26 -59 -59 -59
27 -59 -59 -59
28 -59 -59 -59
29 -59 -60 -59.5
30 -59 -60 -59.5
31 -59 -60 -59.5
32 -59 -60 -59.5
33 -59 -61 -60
34 -59 -61 -60
35 -59 -61 -60
36 -59 -62 -60.5
37 -58 -62 -60
38 -58 -63 -60.5
39 -58 -64 -61
40 -58 -65 -61.5
41 -58 -64 -61
42 -58 -65 -61.5
43 -58 -69 -63.5
44 -60 -68 -64
45 -60 -69 -64.5
46 -60 -67 -63.5
47 -61 -67 -64
48 -61 -66 -63.5
49 -61 -64 -62.5
50 -62 -64 -63
51 -63 -61 -62
52 -63 -60 -61.5
53 -64 -59 -61.5
54 -64 -59 -61.5
55 -64 -59 -61.5
56 -64 -59 -61.5
57 -63 -59 -61
58 -62 -59 -60.5
59 -61 -60 -60.5
60 -61 -60 -60.5
61 -61 -60 -60.5
62 -60 -60 -60
63 -60 -60 -60
64 -60 -60 -60
65 -59 -61 -60
66 -59 -61 -60
67 -59 -62 -60.5
68 -59 -64 -61.5
69 -59 -66 -62.5
70 -59 -67 -63
71 -59 -68 -63.5
72 -59 -70 -64.5
73 -60 -72 -66
74 -60 -70 -65
75 -61 -71 -66
76 -64 -70 -67
77 -65 -72 -68.5
78 -69 -72 -70.5
79 -71 -69 -70
80 -74 -71 -72.5
81 -75 -70 -72.5
82 -78 -70 -74
83 -76 -71 -73.5
84 -75 -72 -73.5
85 -74 -72 -73
86 -71 -70 -70.5
87 -71 -72 -71.5
88 -71 -69 -70
89 -68 -72 -70
90 -67 -70 -68.5
91 -67 -69 -68
92 -64 -71 -67.5
93 -64 -72 -68
94 -66 -70 -68
95 -71 -70 -70.5
96 -71 -71 -71

#16_9_2
1 -55 -56 -55.5	

2 -55 -56 -55.5	

3 -54 -56 -55	

4 -54 -56 -55	

5 -54 -56 -55	

6 -55 -56 -55.5	

7 -55 -57 -56	

8 -55 -58 -56.5	

9 -56 -58 -57	

10 -56 -58 -57	

11 -57 -58 -57.5	

12 -57 -59 -58	

13 -57 -59 -58	

14 -57 -59 -58	

15 -57 -59 -58	

16 -57 -59 -58	

17 -58 -59 -58.5	

18 -58 -59 -58.5	

19 -58 -59 -58.5	

20 -58 -59 -58.5	

21 -58 -60 -59	

22 -58 -60 -59	

23 -58 -60 -59	

24 -58 -60 -59	

25 -58 -60 -59	

26 -58 -60 -59	

27 -58 -60 -59	

28 -58 -60 -59	

29 -58 -61 -59.5	

30 -58 -61 -59.5	

31 -59 -62 -60.5	

32 -59 -63 -61	

33 -60 -64 -62	

34 -60 -65 -62.5	

35 -61 -67 -64	

36 -63 -68 -65.5	

37 -63 -68 -65.5	

38 -64 -68 -66	

39 -64 -68 -66	

40 -64 -68 -66	

41 -65 -67 -66	

42 -65 -67 -66	

43 -64 -68 -66	

44 -64 -67 -65.5	

45 -63 -66 -64.5	

46 -63 -65 -64	

47 -63 -63 -63	

48 -63 -63 -63	

49 -63 -63 -63	

50 -63 -63 -63	

51 -63 -63 -63	

52 -63 -63 -63	

53 -64 -62 -63	

54 -64 -62 -63	

55 -64 -62 -63	

56 -64 -60 -62	

57 -62 -59 -60.5	

58 -61 -59 -60	

59 -61 -58 -59.5	

60 -60 -58 -59	

61 -60 -58 -59	

62 -60 -58 -59	

63 -60 -58 -59	

64 -60 -58 -59	

65 -60 -58 -59	

66 -60 -58 -59	

67 -60 -59 -59.5	

68 -60 -60 -60	

69 -60 -60 -60	

70 -60 -61 -60.5	

71 -60 -61 -60.5	

72 -60 -61 -60.5	

73 -61 -62 -61.5	

74 -63 -64 -63.5	

75 -65 -66 -65.5	

76 -67 -67 -67	

77 -69 -67 -68	

78 -69 -67 -68	

79 -67 -67 -67	

80 -67 -67 -67	

81 -67 -67 -67	

82 -67 -68 -67.5	

83 -66 -68 -67	

84 -66 -68 -67	

85 -66 -68 -67	

86 -66 -68 -67	

87 -66 -69 -67.5	

88 -66 -70 -68	

89 -68 -73 -70.5	

90 -68 -76 -72	

91 -70 -77 -73.5	

92 -72 -76 -74	

93 -76 -74 -75	

94 -74 -70 -72	

95 -71 -71 -71	

96 -71 -71 -71

#16_10_1
1 -63 -60 -61.5
2 -62 -61 -61.5
3 -61 -61 -61
4 -61 -61 -61
5 -61 -61 -61
6 -61 -61 -61
7 -62 -61 -61.5
8 -62 -61 -61.5
9 -61 -61 -61
10 -61 -62 -61.5
11 -61 -62 -61.5
12 -61 -62 -61.5
13 -61 -62 -61.5
14 -61 -62 -61.5
15 -61 -61 -61
16 -61 -61 -61
17 -61 -61 -61
18 -61 -61 -61
19 -61 -61 -61
20 -61 -61 -61
21 -61 -61 -61
22 -61 -61 -61
23 -62 -61 -61.5
24 -62 -61 -61.5
25 -61 -61 -61
26 -61 -61 -61
27 -61 -62 -61.5
28 -61 -62 -61.5
29 -61 -62 -61.5
30 -61 -63 -62
31 -62 -63 -62.5
32 -61 -64 -62.5
33 -64 -64 -64
34 -65 -64 -64.5
35 -65 -64 -64.5
36 -65 -64 -64.5
37 -65 -64 -64.5
38 -65 -65 -65
39 -66 -65 -65.5
40 -66 -66 -66
41 -67 -67 -67
42 -68 -67 -67.5
43 -67 -68 -67.5
44 -67 -69 -68
45 -67 -70 -68.5
46 -68 -71 -69.5
47 -67 -72 -69.5
48 -66 -75 -70.5
49 -64 -73 -68.5
50 -64 -69 -66.5
51 -63 -68 -65.5
52 -63 -67 -65
53 -63 -66 -64.5
54 -62 -66 -64
55 -62 -66 -64
56 -63 -66 -64.5
57 -63 -66 -64.5
58 -63 -65 -64
59 -64 -64 -64
60 -63 -64 -63.5
61 -63 -63 -63
62 -62 -63 -62.5
63 -63 -63 -63
64 -63 -63 -63
65 -63 -63 -63
66 -63 -63 -63
67 -63 -63 -63
68 -63 -63 -63
69 -63 -64 -63.5
70 -63 -64 -63.5
71 -63 -64 -63.5
72 -63 -64 -63.5
73 -67 -67 -67
74 -68 -69 -68.5
75 -69 -71 -70
76 -69 -70 -69.5
77 -69 -68 -68.5
78 -68 -68 -68
79 -71 -71 -71
80 -68 -73 -70.5
81 -68 -68 -68
82 -68 -68 -68
83 -67 -71 -69
84 -67 -68 -67.5
85 -67 -65 -66
86 -70 -66 -68
87 -71 -69 -70
88 -71 -69 -70
89 -72 -65 -68.5
90 -68 -65 -66.5
91 -68 -65 -66.5
92 -66 -64 -65
93 -66 -64 -65
94 -66 -64 -65
95 -66 -63 -64.5
96 -64 -64 -64

#16_10_2
1 -59 -60 -59.5
2 -59 -61 -60
3 -59 -62 -60.5
4 -59 -62 -60.5
5 -59 -62 -60.5
6 -60 -62 -61
7 -61 -62 -61.5
8 -61 -61 -61
9 -61 -63 -62
10 -61 -63 -62
11 -61 -63 -62
12 -62 -64 -63
13 -63 -64 -63.5
14 -63 -64 -63.5
15 -63 -64 -63.5
16 -63 -63 -63
17 -63 -63 -63
18 -63 -62 -62.5
19 -63 -61 -62
20 -62 -61 -61.5
21 -61 -61 -61
22 -61 -61 -61
23 -61 -61 -61
24 -61 -61 -61
25 -61 -61 -61
26 -61 -61 -61
27 -61 -61 -61
28 -61 -61 -61
29 -61 -62 -61.5
30 -62 -63 -62.5
31 -62 -63 -62.5
32 -62 -64 -63
33 -63 -64 -63.5
34 -63 -64 -63.5
35 -63 -65 -64
36 -64 -66 -65
37 -64 -66 -65
38 -66 -67 -66.5
39 -66 -67 -66.5
40 -66 -68 -67
41 -66 -68 -67
42 -68 -69 -68.5
43 -68 -69 -68.5
44 -68 -70 -69
45 -68 -72 -70
46 -68 -72 -70
47 -68 -72 -70
48 -66 -72 -69
49 -66 -71 -68.5
50 -66 -70 -68
51 -65 -69 -67
52 -64 -69 -66.5
53 -64 -69 -66.5
54 -63 -69 -66
55 -63 -68 -65.5
56 -63 -67 -65
57 -63 -67 -65
58 -63 -68 -65.5
59 -63 -66 -64.5
60 -63 -66 -64.5
61 -63 -64 -63.5
62 -63 -64 -63.5
63 -63 -64 -63.5
64 -63 -63 -63
65 -63 -63 -63
66 -63 -63 -63
67 -63 -65 -64
68 -64 -65 -64.5
69 -64 -66 -65
70 -64 -67 -65.5
71 -66 -69 -67.5
72 -67 -70 -68.5
73 -66 -69 -67.5
74 -66 -71 -68.5
75 -67 -71 -69
76 -67 -73 -70
77 -67 -73 -70
78 -68 -71 -69.5
79 -68 -70 -69
80 -68 -69 -68.5
81 -68 -69 -68.5
82 -68 -70 -69
83 -68 -70 -69
84 -68 -70 -69
85 -68 -69 -68.5
86 -68 -69 -68.5
87 -68 -69 -68.5
88 -68 -69 -68.5
89 -68 -68 -68
90 -68 -65 -66.5
91 -66 -64 -65
92 -63 -64 -63.5
93 -63 -64 -63.5
94 -63 -64 -63.5
95 -64 -64 -64
96 -64 -64 -64

#16_11_1
1 -56 -56 -56
2 -56 -56 -56
3 -56 -56 -56
4 -56 -56 -56
5 -56 -55 -55.5
6 -56 -55 -55.5
7 -56 -55 -55.5
8 -56 -55 -55.5
9 -56 -55 -55.5
10 -56 -56 -56
11 -56 -56 -56
12 -56 -56 -56
13 -56 -56 -56
14 -56 -57 -56.5
15 -56 -57 -56.5
16 -56 -58 -57
17 -56 -58 -57
18 -57 -58 -57.5
19 -57 -59 -58
20 -57 -60 -58.5
21 -58 -60 -59
22 -58 -60 -59
23 -59 -60 -59.5
24 -59 -61 -60
25 -60 -62 -61
26 -61 -62 -61.5
27 -62 -62 -62
28 -63 -64 -63.5
29 -63 -64 -63.5
30 -63 -65 -64
31 -64 -65 -64.5
32 -65 -65 -65
33 -66 -64 -65
34 -66 -63 -64.5
35 -66 -63 -64.5
36 -64 -63 -63.5
37 -64 -63 -63.5
38 -63 -63 -63
39 -63 -63 -63
40 -63 -63 -63
41 -63 -63 -63
42 -63 -62 -62.5
43 -63 -61 -62
44 -62 -61 -61.5
45 -62 -61 -61.5
46 -62 -62 -62
47 -62 -62 -62
48 -62 -62 -62
49 -62 -62 -62
50 -62 -62 -62
51 -62 -64 -63
52 -64 -67 -65.5
53 -67 -71 -69
54 -74 -74 -74
55 -71 -69 -70
56 -68 -63 -65.5
57 -64 -60 -62
58 -62 -59 -60.5
59 -61 -59 -60
60 -60 -58 -59
61 -59 -58 -58.5
62 -59 -58 -58.5
63 -59 -58 -58.5
64 -60 -58 -59
65 -59 -58 -58.5
66 -58 -58 -58
67 -58 -60 -59
68 -58 -61 -59.5
69 -58 -61 -59.5
70 -58 -62 -60
71 -60 -62 -61
72 -60 -62 -61
73 -61 -63 -62
74 -62 -64 -63
75 -62 -64 -63
76 -63 -64 -63.5
77 -63 -64 -63.5
78 -63 -65 -64
79 -65 -67 -66
80 -65 -67 -66
81 -66 -67 -66.5
82 -66 -68 -67
83 -67 -68 -67.5
84 -67 -68 -67.5
85 -67 -68 -67.5
86 -68 -68 -68
87 -69 -68 -68.5
88 -69 -67 -68
89 -68 -65 -66.5
90 -67 -65 -66
91 -67 -65 -66
92 -66 -66 -66
93 -66 -66 -66
94 -65 -67 -66
95 -66 -67 -66.5
96 -67 -67 -67

#16_11_2
1 -54 -55 -54.5
2 -54 -55 -54.5
3 -54 -55 -54.5
4 -54 -55 -54.5
5 -54 -55 -54.5
6 -54 -55 -54.5
7 -54 -55 -54.5
8 -54 -55 -54.5
9 -54 -55 -54.5
10 -54 -55 -54.5
11 -54 -56 -55
12 -54 -56 -55
13 -54 -56 -55
14 -54 -57 -55.5
15 -55 -57 -56
16 -56 -58 -57
17 -56 -58 -57
18 -58 -58 -58
19 -58 -59 -58.5
20 -60 -61 -60.5
21 -60 -62 -61
22 -60 -64 -62
23 -61 -65 -63
24 -62 -65 -63.5
25 -64 -65 -64.5
26 -64 -65 -64.5
27 -65 -65 -65
28 -65 -65 -65
29 -65 -65 -65
30 -64 -65 -64.5
31 -65 -65 -65
32 -64 -65 -64.5
33 -64 -64 -64
34 -64 -64 -64
35 -63 -64 -63.5
36 -63 -64 -63.5
37 -61 -64 -62.5
38 -59 -64 -61.5
39 -59 -63 -61
40 -63 -62 -62.5
41 -63 -62 -62.5
42 -62 -62 -62
43 -62 -62 -62
44 -62 -62 -62
45 -61 -62 -61.5
46 -60 -61 -60.5
47 -60 -61 -60.5
48 -60 -61 -60.5
49 -60 -62 -61
50 -60 -62 -61
51 -60 -62 -61
52 -60 -62 -61
53 -61 -62 -61.5
54 -62 -64 -63
55 -62 -64 -63
56 -63 -64 -63.5
57 -63 -64 -63.5
58 -63 -64 -63.5
59 -62 -63 -62.5
60 -60 -61 -60.5
61 -60 -59 -59.5
62 -60 -59 -59.5
63 -60 -59 -59.5
64 -60 -59 -59.5
65 -60 -59 -59.5
66 -60 -59 -59.5
67 -60 -59 -59.5
68 -60 -60 -60
69 -60 -60 -60
70 -60 -61 -60.5
71 -60 -61 -60.5
72 -60 -62 -61
73 -60 -62 -61
74 -60 -64 -62
75 -63 -66 -64.5
76 -64 -68 -66
77 -64 -71 -67.5
78 -69 -71 -70
79 -72 -75 -73.5
80 -75 -75 -75
81 -72 -71 -71.5
82 -71 -68 -69.5
83 -69 -69 -69
84 -69 -67 -68
85 -70 -68 -69
86 -69 -66 -67.5
87 -64 -66 -65
88 -64 -64 -64
89 -65 -61 -63
90 -67 -64 -65.5
91 -68 -67 -67.5
92 -67 -67 -67
93 -69 -66 -67.5
94 -68 -67 -67.5
95 -68 -69 -68.5
96 -69 -69 -69

#16_12_1
1 -67 -56 -61.5
2 -57 -56 -56.5
3 -57 -56 -56.5
4 -56 -56 -56
5 -56 -56 -56
6 -56 -56 -56
7 -56 -56 -56
8 -56 -56 -56
9 -56 -56 -56
10 -56 -56 -56
11 -56 -56 -56
12 -56 -56 -56
13 -56 -57 -56.5
14 -56 -57 -56.5
15 -56 -57 -56.5
16 -56 -58 -57
17 -56 -58 -57
18 -56 -59 -57.5
19 -57 -59 -58
20 -57 -59 -58
21 -57 -60 -58.5
22 -58 -60 -59
23 -59 -61 -60
24 -59 -61 -60
25 -59 -61 -60
26 -59 -61 -60
27 -60 -61 -60.5
28 -61 -62 -61.5
29 -63 -63 -63
30 -63 -65 -64
31 -65 -65 -65
32 -65 -66 -65.5
33 -66 -67 -66.5
34 -69 -67 -68
35 -69 -67 -68
36 -69 -67 -68
37 -70 -67 -68.5
38 -70 -65 -67.5
39 -70 -65 -67.5
40 -69 -65 -67
41 -68 -65 -66.5
42 -67 -65 -66
43 -66 -65 -65.5
44 -66 -65 -65.5
45 -66 -65 -65.5
46 -66 -65 -65.5
47 -65 -65 -65
48 -65 -65 -65
49 -65 -65 -65
50 -65 -65 -65
51 -65 -65 -65
52 -65 -66 -65.5
53 -65 -66 -65.5
54 -65 -67 -66
55 -66 -68 -67
56 -66 -72 -69
57 -68 -73 -70.5
58 -71 -77 -74
59 -75 -78 -76.5
60 -78 -77 -77.5
61 -78 -70 -74
62 -75 -70 -72.5
63 -69 -67 -68
64 -67 -65 -66
65 -67 -64 -65.5
66 -65 -64 -64.5
67 -65 -64 -64.5
68 -64 -64 -64
69 -64 -64 -64
70 -64 -65 -64.5
71 -64 -66 -65
72 -64 -66 -65
73 -64 -66 -65
74 -66 -68 -67
75 -67 -69 -68
76 -69 -71 -70
77 -71 -75 -73
78 -74 -76 -75
79 -74 -76 -75
80 -76 -75 -75.5
81 -76 -71 -73.5
82 -73 -69 -71
83 -72 -69 -70.5
84 -71 -68 -69.5
85 -69 -67 -68
86 -69 -66 -67.5
87 -69 -69 -69
88 -69 -68 -68.5
89 -69 -68 -68.5
90 -68 -70 -69
91 -71 -71 -71
92 -73 -73 -73
93 -73 -75 -74
94 -71 -75 -73
95 -71 -73 -72
96 -72 -72 -72

#16_12_2
1 -56 -56 -56
2 -56 -56 -56
3 -56 -56 -56
4 -56 -57 -56.5
5 -56 -56 -56
6 -56 -55 -55.5
7 -56 -55 -55.5
8 -56 -55 -55.5
9 -56 -55 -55.5
10 -56 -56 -56
11 -56 -56 -56
12 -56 -56 -56
13 -56 -56 -56
14 -56 -57 -56.5
15 -56 -57 -56.5
16 -56 -57 -56.5
17 -56 -57 -56.5
18 -56 -57 -56.5
19 -57 -57 -57
20 -57 -59 -58
21 -58 -60 -59
22 -58 -60 -59
23 -58 -61 -59.5
24 -59 -61 -60
25 -59 -61 -60
26 -59 -61 -60
27 -61 -62 -61.5
28 -61 -62 -61.5
29 -63 -62 -62.5
30 -63 -63 -63
31 -63 -63 -63
32 -64 -64 -64
33 -69 -65 -67
34 -69 -65 -67
35 -69 -64 -66.5
36 -70 -64 -67
37 -70 -64 -67
38 -70 -63 -66.5
39 -70 -63 -66.5
40 -70 -63 -66.5
41 -69 -63 -66
42 -67 -63 -65
43 -67 -63 -65
44 -66 -64 -65
45 -66 -64 -65
46 -66 -64 -65
47 -66 -65 -65.5
48 -66 -66 -66
49 -66 -66 -66
50 -66 -66 -66
51 -65 -66 -65.5
52 -65 -67 -66
53 -65 -68 -66.5
54 -65 -69 -67
55 -67 -71 -69
56 -70 -72 -71
57 -73 -73 -73
58 -76 -78 -77
59 -76 -79 -77.5
60 -75 -75 -75
61 -72 -72 -72
62 -70 -70 -70
63 -69 -67 -68
64 -68 -65 -66.5
65 -67 -63 -65
66 -67 -62 -64.5
67 -66 -62 -64
68 -65 -62 -63.5
69 -65 -62 -63.5
70 -64 -62 -63
71 -64 -64 -64
72 -64 -65 -64.5
73 -64 -65 -64.5
74 -65 -67 -66
75 -66 -69 -67.5
76 -70 -71 -70.5
77 -71 -72 -71.5
78 -71 -73 -72
79 -71 -72 -71.5
80 -71 -71 -71
81 -72 -71 -71.5
82 -74 -70 -72
83 -72 -69 -70.5
84 -70 -69 -69.5
85 -70 -69 -69.5
86 -70 -69 -69.5
87 -70 -70 -70
88 -70 -70 -70
89 -69 -72 -70.5
90 -72 -73 -72.5
91 -72 -73 -72.5
92 -73 -73 -73
93 -74 -74 -74
94 -74 -75 -74.5
95 -74 -75 -74.5
96 -74 -74 -74





