#24_1_1

1 -55 -60 -57.5
2 -61 -59 -60
3 -62 -58 -60
4 -63 -57 -60
5 -62 -56 -59
6 -62 -54 -58
7 -60 -51 -55.5
8 -59 -50 -54.5
9 -56 -50 -53
10 -54 -46 -50
11 -51 -45 -48
12 -47 -44 -45.5
13 -46 -43 -44.5
14 -46 -42 -44
15 -45 -41 -43
16 -43 -41 -42
17 -43 -41 -42
18 -42 -41 -41.5
19 -42 -41 -41.5
20 -42 -41 -41.5
21 -41 -41 -41
22 -41 -41 -41
23 -41 -41 -41
24 -41 -41 -41
25 -41 -41 -41
26 -41 -41 -41
27 -41 -42 -41.5
28 -41 -43 -42
29 -41 -43 -42
30 -41 -46 -43.5
31 -42 -47 -44.5
32 -44 -48 -46
33 -46 -50 -48
34 -47 -56 -51.5
35 -49 -62 -55.5
36 -55 -68 -61.5
37 -60 -63 -61.5
38 -62 -60 -61
39 -63 -60 -61.5
40 -63 -56 -59.5
41 -61 -55 -58
42 -60 -55 -57.5
43 -59 -55 -57
44 -59 -55 -57
45 -58 -55 -56.5
46 -57 -56 -56.5
47 -56 -56 -56
48 -55 -57 -56
49 -54 -57 -55.5
50 -53 -59 -56
51 -53 -59 -56
52 -54 -59 -56.5
53 -54 -59 -56.5
54 -54 -57 -55.5
55 -55 -56 -55.5
56 -55 -56 -55.5
57 -55 -56 -55.5
58 -55 -56 -55.5
59 -55 -57 -56
60 -55 -58 -56.5
61 -56 -59 -57.5
62 -57 -60 -58.5
63 -59 -61 -60
64 -63 -62 -62.5
65 -63 -62 -62.5
66 -62 -60 -61
67 -61 -60 -60.5
68 -60 -58 -59
69 -58 -57 -57.5
70 -57 -57 -57
71 -55 -57 -56
72 -54 -58 -56
73 -54 -58 -56
74 -53 -58 -55.5
75 -53 -59 -56
76 -52 -59 -55.5
77 -52 -59 -55.5
78 -52 -59 -55.5
79 -51 -59 -55
80 -50 -58 -54
81 -49 -58 -53.5
82 -49 -57 -53
83 -49 -57 -53
84 -49 -57 -53
85 -52 -55 -53.5
86 -52 -54 -53
87 -53 -53 -53
88 -53 -53 -53
89 -56 -53 -54.5
90 -53 -53 -53
91 -53 -53 -53
92 -52 -53 -52.5
93 -52 -53 -52.5
94 -52 -53 -52.5
95 -53 -53 -53
96 -53 -53 -53

#24_1_2
1 -45 -46 -45.5
2 -45 -46 -45.5
3 -45 -46 -45.5
4 -45 -46 -45.5
5 -45 -46 -45.5
6 -50 -46 -48
7 -46 -46 -46
8 -46 -46 -46
9 -46 -46 -46
10 -46 -45 -45.5
11 -46 -45 -45.5
12 -46 -45 -45.5
13 -46 -45 -45.5
14 -46 -45 -45.5
15 -46 -45 -45.5
16 -49 -45 -47
17 -45 -45 -45
18 -45 -45 -45
19 -45 -45 -45
20 -45 -46 -45.5
21 -45 -46 -45.5
22 -45 -46 -45.5
23 -45 -47 -46
24 -45 -48 -46.5
25 -45 -50 -47.5
26 -46 -50 -48
27 -50 -51 -50.5
28 -51 -51 -51
29 -54 -50 -52
30 -54 -48 -51
31 -54 -47 -50.5
32 -51 -47 -49
33 -49 -44 -46.5
34 -47 -43 -45
35 -46 -43 -44.5
36 -45 -43 -44
37 -44 -43 -43.5
38 -44 -43 -43.5
39 -43 -43 -43
40 -43 -44 -43.5
41 -43 -44 -43.5
42 -43 -45 -44
43 -43 -46 -44.5
44 -43 -47 -45
45 -43 -48 -45.5
46 -43 -52 -47.5
47 -45 -50 -47.5
48 -47 -52 -49.5
49 -48 -56 -52
50 -52 -57 -54.5
51 -54 -59 -56.5
52 -57 -61 -59
53 -58 -66 -62
54 -61 -70 -65.5
55 -65 -71 -68
56 -70 -68 -69
57 -67 -64 -65.5
58 -63 -60 -61.5
59 -61 -58 -59.5
60 -60 -56 -58
61 -58 -55 -56.5
62 -57 -54 -55.5
63 -56 -53 -54.5
64 -55 -52 -53.5
65 -54 -50 -52
66 -53 -49 -51
67 -52 -49 -50.5
68 -51 -49 -50
69 -51 -49 -50
70 -50 -50 -50
71 -50 -50 -50
72 -50 -50 -50
73 -49 -50 -49.5
74 -49 -50 -49.5
75 -49 -50 -49.5
76 -49 -51 -50
77 -49 -51 -50
78 -49 -52 -50.5
79 -50 -53 -51.5
80 -50 -55 -52.5
81 -51 -55 -53
82 -53 -56 -54.5
83 -54 -57 -55.5
84 -56 -58 -57
85 -58 -58 -58
86 -60 -58 -59
87 -61 -58 -59.5
88 -62 -58 -60
89 -61 -58 -59.5
90 -61 -58 -59.5
91 -61 -58 -59.5
92 -60 -58 -59
93 -60 -58 -59
94 -59 -58 -58.5
95 -59 -59 -59
96 -59 -59 -59

#24_2_1
1 -45 -47 -46
2 -45 -47 -46
3 -45 -47 -46
4 -46 -47 -46.5
5 -46 -48 -47
6 -46 -48 -47
7 -46 -49 -47.5
8 -46 -49 -47.5
9 -46 -49 -47.5
10 -46 -50 -48
11 -47 -50 -48.5
12 -47 -47 -47
13 -47 -47 -47
14 -48 -47 -47.5
15 -48 -47 -47.5
16 -48 -47 -47.5
17 -48 -47 -47.5
18 -48 -47 -47.5
19 -48 -47 -47.5
20 -48 -47 -47.5
21 -48 -47 -47.5
22 -48 -47 -47.5
23 -48 -47 -47.5
24 -48 -47 -47.5
25 -48 -46 -47
26 -48 -46 -47
27 -48 -45 -46.5
28 -48 -44 -46
29 -47 -44 -45.5
30 -47 -44 -45.5
31 -47 -44 -45.5
32 -47 -44 -45.5
33 -46 -44 -45
34 -45 -44 -44.5
35 -45 -44 -44.5
36 -44 -44 -44
37 -44 -44 -44
38 -44 -44 -44
39 -44 -45 -44.5
40 -44 -46 -45
41 -43 -47 -45
42 -43 -48 -45.5
43 -43 -49 -46
44 -43 -51 -47
45 -46 -54 -50
46 -46 -55 -50.5
47 -49 -57 -53
48 -51 -58 -54.5
49 -55 -59 -57
50 -57 -61 -59
51 -58 -62 -60
52 -61 -62 -61.5
53 -63 -61 -62
54 -63 -59 -61
55 -61 -58 -59.5
56 -59 -56 -57.5
57 -56 -56 -56
58 -55 -56 -55.5
59 -53 -56 -54.5
60 -53 -56 -54.5
61 -53 -57 -55
62 -53 -57 -55
63 -53 -58 -55.5
64 -53 -56 -54.5
65 -53 -56 -54.5
66 -54 -56 -55
67 -54 -55 -54.5
68 -54 -53 -53.5
69 -54 -53 -53.5
70 -54 -53 -53.5
71 -53 -51 -52
72 -52 -51 -51.5
73 -52 -51 -51.5
74 -52 -51 -51.5
75 -52 -51 -51.5
76 -52 -51 -51.5
77 -52 -52 -52
78 -53 -54 -53.5
79 -55 -55 -55
80 -55 -57 -56
81 -55 -58 -56.5
82 -57 -59 -58
83 -59 -61 -60
84 -60 -61 -60.5
85 -61 -61 -61
86 -61 -60 -60.5
87 -60 -60 -60
88 -60 -59 -59.5
89 -59 -59 -59
90 -59 -59 -59
91 -59 -59 -59
92 -59 -59 -59
93 -59 -59 -59
94 -59 -59 -59
95 -59 -59 -59
96 -59 -59 -59

#24_2_2
1 -46 -46 -46
2 -46 -46 -46
3 -46 -46 -46
4 -46 -46 -46
5 -46 -47 -46.5
6 -46 -47 -46.5
7 -46 -47 -46.5
8 -46 -47 -46.5
9 -46 -47 -46.5
10 -46 -47 -46.5
11 -51 -46 -48.5
12 -50 -46 -48
13 -50 -45 -47.5
14 -50 -45 -47.5
15 -50 -45 -47.5
16 -50 -45 -47.5
17 -49 -45 -47
18 -49 -45 -47
19 -49 -45 -47
20 -49 -45 -47
21 -49 -45 -47
22 -49 -45 -47
23 -49 -45 -47
24 -55 -45 -50
25 -49 -45 -47
26 -48 -44 -46
27 -48 -44 -46
28 -48 -43 -45.5
29 -48 -43 -45.5
30 -47 -42 -44.5
31 -46 -42 -44
32 -46 -42 -44
33 -45 -42 -43.5
34 -45 -42 -43.5
35 -45 -42 -43.5
36 -44 -42 -43
37 -44 -42 -43
38 -43 -42 -42.5
39 -43 -44 -43.5
40 -43 -45 -44
41 -43 -45 -44
42 -43 -46 -44.5
43 -43 -48 -45.5
44 -43 -49 -46
45 -44 -51 -47.5
46 -45 -54 -49.5
47 -47 -57 -52
48 -48 -59 -53.5
49 -49 -62 -55.5
50 -52 -65 -58.5
51 -54 -64 -59
52 -57 -63 -60
53 -58 -58 -58
54 -60 -56 -58
55 -60 -56 -58
56 -58 -56 -57
57 -55 -56 -55.5
58 -53 -56 -54.5
59 -51 -56 -53.5
60 -50 -57 -53.5
61 -49 -58 -53.5
62 -49 -59 -54
63 -49 -60 -54.5
64 -50 -60 -55
65 -51 -60 -55.5
66 -54 -58 -56
67 -54 -57 -55.5
68 -57 -55 -56
69 -54 -53 -53.5
70 -54 -52 -53
71 -54 -52 -53
72 -54 -51 -52.5
73 -54 -51 -52.5
74 -53 -51 -52
75 -53 -52 -52.5
76 -53 -54 -53.5
77 -53 -55 -54
78 -53 -56 -54.5
79 -54 -57 -55.5
80 -55 -57 -56
81 -56 -61 -58.5
82 -58 -60 -59
83 -61 -60 -60.5
84 -62 -60 -61
85 -64 -60 -62
86 -63 -60 -61.5
87 -63 -60 -61.5
88 -63 -61 -62
89 -62 -61 -61.5
90 -61 -61 -61
91 -61 -61 -61
92 -61 -61 -61
93 -61 -61 -61
94 -61 -59 -60
95 -61 -59 -60
96 -60 -60 -60

#24_3_1
1 -48 -50 -49
2 -48 -50 -49
3 -48 -50 -49
4 -48 -51 -49.5
5 -48 -51 -49.5
6 -48 -52 -50
7 -48 -52 -50
8 -48 -52 -50
9 -48 -50 -49
10 -51 -50 -50.5
11 -51 -49 -50
12 -51 -48 -49.5
13 -51 -48 -49.5
14 -51 -48 -49.5
15 -51 -48 -49.5
16 -51 -48 -49.5
17 -50 -47 -48.5
18 -50 -47 -48.5
19 -50 -47 -48.5
20 -50 -47 -48.5
21 -50 -47 -48.5
22 -56 -47 -51.5
23 -51 -47 -49
24 -51 -47 -49
25 -53 -47 -50
26 -50 -47 -48.5
27 -50 -47 -48.5
28 -50 -46 -48
29 -50 -46 -48
30 -50 -46 -48
31 -49 -46 -47.5
32 -49 -46 -47.5
33 -49 -46 -47.5
34 -48 -46 -47
35 -48 -46 -47
36 -48 -46 -47
37 -46 -46 -46
38 -46 -46 -46
39 -46 -46 -46
40 -46 -46 -46
41 -46 -47 -46.5
42 -50 -48 -49
43 -47 -48 -47.5
44 -47 -49 -48
45 -47 -50 -48.5
46 -47 -51 -49
47 -47 -52 -49.5
48 -47 -53 -50
49 -50 -53 -51.5
50 -50 -53 -51.5
51 -51 -53 -52
52 -52 -53 -52.5
53 -53 -53 -53
54 -53 -52 -52.5
55 -53 -52 -52.5
56 -55 -52 -53.5
57 -54 -52 -53
58 -52 -52 -52
59 -51 -53 -52
60 -51 -53 -52
61 -50 -55 -52.5
62 -50 -56 -53
63 -50 -57 -53.5
64 -50 -58 -54
65 -50 -58 -54
66 -53 -58 -55.5
67 -54 -58 -56
68 -54 -58 -56
69 -55 -56 -55.5
70 -55 -56 -55.5
71 -55 -56 -55.5
72 -55 -56 -55.5
73 -55 -57 -56
74 -55 -57 -56
75 -55 -57 -56
76 -55 -58 -56.5
77 -56 -58 -57
78 -57 -58 -57.5
79 -57 -59 -58
80 -58 -61 -59.5
81 -60 -62 -61
82 -60 -64 -62
83 -62 -64 -63
84 -62 -64 -63
85 -64 -64 -64
86 -67 -64 -65.5
87 -69 -65 -67
88 -69 -68 -68.5
89 -69 -72 -70.5
90 -69 -73 -71
91 -69 -72 -70.5
92 -70 -71 -70.5
93 -73 -71 -72
94 -73 -71 -72
95 -72 -71 -71.5
96 -71 -71 -71

#24_3_2
1 -47 -49 -48
2 -47 -49 -48
3 -47 -49 -48
4 -47 -49 -48
5 -47 -51 -49
6 -48 -51 -49.5
7 -48 -50 -49
8 -50 -50 -50
9 -50 -50 -50
10 -50 -50 -50
11 -50 -50 -50
12 -50 -47 -48.5
13 -49 -47 -48
14 -49 -47 -48
15 -49 -47 -48
16 -49 -47 -48
17 -48 -47 -47.5
18 -48 -48 -48
19 -49 -48 -48.5
20 -48 -49 -48.5
21 -48 -49 -48.5
22 -48 -49 -48.5
23 -48 -49 -48.5
24 -48 -49 -48.5
25 -48 -49 -48.5
26 -48 -49 -48.5
27 -48 -49 -48.5
28 -48 -48 -48
29 -48 -48 -48
30 -48 -47 -47.5
31 -47 -46 -46.5
32 -47 -46 -46.5
33 -47 -46 -46.5
34 -47 -46 -46.5
35 -47 -45 -46
36 -47 -45 -46
37 -47 -45 -46
38 -45 -46 -45.5
39 -45 -46 -45.5
40 -44 -46 -45
41 -44 -47 -45.5
42 -44 -47 -45.5
43 -44 -47 -45.5
44 -44 -48 -46
45 -44 -48 -46
46 -44 -48 -46
47 -44 -52 -48
48 -47 -51 -49
49 -49 -52 -50.5
50 -51 -51 -51
51 -54 -52 -53
52 -55 -51 -53
53 -55 -51 -53
54 -56 -50 -53
55 -55 -52 -53.5
56 -51 -49 -50
57 -50 -49 -49.5
58 -50 -52 -51
59 -49 -52 -50.5
60 -50 -49 -49.5
61 -49 -51 -50
62 -49 -52 -50.5
63 -49 -56 -52.5
64 -49 -56 -52.5
65 -51 -60 -55.5
66 -52 -60 -56
67 -54 -59 -56.5
68 -55 -58 -56.5
69 -55 -57 -56
70 -56 -57 -56.5
71 -57 -57 -57
72 -57 -57 -57
73 -57 -57 -57
74 -57 -57 -57
75 -57 -57 -57
76 -57 -57 -57
77 -57 -58 -57.5
78 -57 -58 -57.5
79 -57 -60 -58.5
80 -57 -61 -59
81 -58 -64 -61
82 -60 -67 -63.5
83 -60 -67 -63.5
84 -63 -70 -66.5
85 -63 -72 -67.5
86 -64 -71 -67.5
87 -67 -71 -69
88 -65 -72 -68.5
89 -65 -71 -68
90 -70 -72 -71
91 -71 -75 -73
92 -69 -71 -70
93 -71 -69 -70
94 -72 -67 -69.5
95 -69 -68 -68.5
96 -69 -69 -69

#24_4_1
1 -50 -54 -52	

2 -50 -56 -53	

3 -50 -54 -52	

4 -50 -54 -52	

5 -50 -53 -51.5	

6 -50 -53 -51.5	

7 -51 -52 -51.5	

8 -53 -52 -52.5	

9 -56 -52 -54	

10 -56 -51 -53.5	

11 -56 -49 -52.5	

12 -56 -49 -52.5	

13 -55 -49 -52	

14 -55 -49 -52	

15 -55 -49 -52	

16 -53 -49 -51	

17 -52 -49 -50.5	

18 -52 -49 -50.5	

19 -51 -49 -50	

20 -51 -49 -50	

21 -51 -49 -50	

22 -50 -49 -49.5	

23 -50 -50 -50	

24 -50 -52 -51	

25 -50 -52 -51	

26 -50 -52 -51	

27 -50 -50 -50	

28 -51 -49 -50	

29 -52 -49 -50.5	

30 -51 -49 -50	

31 -51 -48 -49.5	

32 -50 -47 -48.5	

33 -50 -47 -48.5	

34 -50 -47 -48.5	

35 -49 -47 -48	

36 -47 -46 -46.5	

37 -47 -47 -47	

38 -47 -48 -47.5	

39 -47 -48 -47.5	

40 -47 -48 -47.5	

41 -47 -48 -47.5	

42 -47 -48 -47.5	

43 -47 -50 -48.5	

44 -47 -53 -50	

45 -47 -54 -50.5	

46 -48 -57 -52.5	

47 -49 -57 -53	

48 -52 -57 -54.5	

49 -55 -57 -56	

50 -55 -56 -55.5	

51 -55 -57 -56	

52 -55 -62 -58.5	

53 -55 -57 -56	

54 -54 -52 -53	

55 -54 -51 -52.5	

56 -53 -51 -52	

57 -52 -53 -52.5	

58 -52 -55 -53.5	

59 -52 -55 -53.5	

60 -52 -55 -53.5	

61 -53 -56 -54.5	

62 -56 -56 -56	

63 -56 -59 -57.5	

64 -56 -61 -58.5	

65 -56 -65 -60.5	

66 -57 -60 -58.5	

67 -58 -59 -58.5	

68 -60 -59 -59.5	

69 -56 -57 -56.5	

70 -58 -57 -57.5	

71 -63 -55 -59	

72 -63 -56 -59.5	

73 -61 -56 -58.5	

74 -59 -57 -58	

75 -59 -57 -58	

76 -59 -58 -58.5	

77 -59 -58 -58.5	

78 -59 -59 -59	

79 -59 -59 -59	

80 -59 -60 -59.5	

81 -59 -63 -61	

82 -55 -68 -61.5	

83 -55 -66 -60.5	

84 -58 -64 -61	

85 -57 -64 -60.5	

86 -61 -64 -62.5	

87 -72 -67 -69.5	

88 -71 -72 -71.5	

89 -69 -63 -66	

90 -66 -58 -62	

91 -64 -59 -61.5	

92 -58 -59 -58.5	

93 -56 -59 -57.5	

94 -58 -60 -59	

95 -58 -62 -60	

96 -59 -59 -59

#24_4_2
1 -50 -53 -51.5
2 -50 -53 -51.5
3 -50 -54 -52
4 -50 -54 -52
5 -50 -56 -53
6 -50 -56 -53
7 -47 -56 -51.5
8 -51 -57 -54
9 -55 -53 -54
10 -55 -53 -54
11 -59 -52 -55.5
12 -69 -50 -59.5
13 -64 -49 -56.5
14 -60 -49 -54.5
15 -56 -49 -52.5
16 -55 -49 -52
17 -49 -49 -49
18 -48 -52 -50
19 -48 -49 -48.5
20 -53 -49 -51
21 -48 -49 -48.5
22 -47 -49 -48
23 -47 -49 -48
24 -47 -49 -48
25 -47 -49 -48
26 -47 -49 -48
27 -47 -49 -48
28 -47 -48 -47.5
29 -47 -48 -47.5
30 -47 -47 -47
31 -47 -47 -47
32 -48 -47 -47.5
33 -52 -47 -49.5
34 -48 -47 -47.5
35 -47 -47 -47
36 -47 -47 -47
37 -46 -47 -46.5
38 -46 -47 -46.5
39 -46 -48 -47
40 -46 -48 -47
41 -46 -49 -47.5
42 -46 -49 -47.5
43 -46 -50 -48
44 -48 -53 -50.5
45 -48 -54 -51
46 -48 -57 -52.5
47 -49 -58 -53.5
48 -52 -57 -54.5
49 -52 -58 -55
50 -53 -68 -60.5
51 -55 -59 -57
52 -56 -57 -56.5
53 -56 -57 -56.5
54 -55 -56 -55.5
55 -55 -56 -55.5
56 -55 -56 -55.5
57 -55 -56 -55.5
58 -54 -56 -55
59 -52 -56 -54
60 -53 -57 -55
61 -55 -59 -57
62 -55 -59 -57
63 -55 -59 -57
64 -53 -59 -56
65 -53 -59 -56
66 -55 -59 -57
67 -59 -58 -58.5
68 -58 -57 -57.5
69 -58 -57 -57.5
70 -58 -57 -57.5
71 -58 -59 -58.5
72 -58 -59 -58.5
73 -58 -59 -58.5
74 -59 -57 -58
75 -59 -56 -57.5
76 -58 -57 -57.5
77 -60 -57 -58.5
78 -58 -60 -59
79 -59 -60 -59.5
80 -60 -61 -60.5
81 -60 -61 -60.5
82 -60 -63 -61.5
83 -61 -63 -62
84 -62 -64 -63
85 -66 -68 -67
86 -70 -67 -68.5
87 -67 -64 -65.5
88 -70 -65 -67.5
89 -68 -63 -65.5
90 -64 -62 -63
91 -68 -62 -65
92 -70 -64 -67
93 -69 -64 -66.5
94 -63 -68 -65.5
95 -65 -66 -65.5
96 -64 -64 -64

#24_5_1
1 -52 -54 -53
2 -54 -55 -54.5
3 -53 -55 -54
4 -53 -56 -54.5
5 -54 -58 -56
6 -55 -58 -56.5
7 -56 -58 -57
8 -56 -56 -56
9 -56 -56 -56
10 -56 -56 -56
11 -56 -56 -56
12 -56 -55 -55.5
13 -51 -55 -53
14 -55 -54 -54.5
15 -56 -54 -55
16 -56 -54 -55
17 -56 -52 -54
18 -56 -55 -55.5
19 -56 -55 -55.5
20 -54 -56 -55
21 -53 -56 -54.5
22 -52 -59 -55.5
23 -52 -54 -53
24 -52 -54 -53
25 -54 -54 -54
26 -54 -53 -53.5
27 -54 -53 -53.5
28 -53 -53 -53
29 -55 -53 -54
30 -54 -53 -53.5
31 -54 -53 -53.5
32 -54 -51 -52.5
33 -54 -51 -52.5
34 -54 -50 -52
35 -53 -50 -51.5
36 -54 -50 -52
37 -53 -50 -51.5
38 -51 -50 -50.5
39 -50 -50 -50
40 -50 -50 -50
41 -50 -50 -50
42 -52 -51 -51.5
43 -50 -52 -51
44 -50 -54 -52
45 -50 -54 -52
46 -50 -56 -53
47 -52 -56 -54
48 -54 -56 -55
49 -54 -57 -55.5
50 -54 -57 -55.5
51 -54 -57 -55.5
52 -54 -57 -55.5
53 -55 -57 -56
54 -55 -58 -56.5
55 -56 -59 -57.5
56 -56 -59 -57.5
57 -58 -59 -58.5
58 -58 -59 -58.5
59 -60 -61 -60.5
60 -60 -61 -60.5
61 -60 -62 -61
62 -60 -62 -61
63 -60 -62 -61
64 -60 -61 -60.5
65 -60 -61 -60.5
66 -59 -59 -59
67 -59 -57 -58
68 -61 -56 -58.5
69 -61 -56 -58.5
70 -58 -56 -57
71 -58 -56 -57
72 -57 -56 -56.5
73 -56 -57 -56.5
74 -57 -57 -57
75 -57 -57 -57
76 -56 -57 -56.5
77 -56 -58 -57
78 -56 -58 -57
79 -56 -59 -57.5
80 -56 -59 -57.5
81 -58 -59 -58.5
82 -58 -61 -59.5
83 -58 -61 -59.5
84 -58 -62 -60
85 -60 -64 -62
86 -61 -64 -62.5
87 -61 -65 -63
88 -64 -64 -64
89 -65 -63 -64
90 -66 -63 -64.5
91 -66 -61 -63.5
92 -66 -61 -63.5
93 -67 -62 -64.5
94 -65 -63 -64
95 -64 -63 -63.5
96 -63 -63 -63

#24_5_2
1 -54 -56 -55	

2 -54 -56 -55	

3 -54 -56 -55	

4 -54 -57 -55.5	

5 -54 -57 -55.5	

6 -54 -57 -55.5	

7 -55 -57 -56	

8 -55 -57 -56	

9 -55 -57 -56	

10 -55 -57 -56	

11 -57 -57 -57	

12 -57 -57 -57	

13 -57 -57 -57	

14 -57 -55 -56	

15 -57 -55 -56	

16 -57 -55 -56	

17 -57 -55 -56	

18 -57 -55 -56	

19 -56 -55 -55.5	

20 -56 -55 -55.5	

21 -55 -55 -55	

22 -55 -55 -55	

23 -55 -55 -55	

24 -55 -55 -55	

25 -55 -55 -55	

26 -55 -55 -55	

27 -55 -55 -55	

28 -55 -55 -55	

29 -55 -55 -55	

30 -56 -55 -55.5	

31 -56 -55 -55.5	

32 -56 -55 -55.5	

33 -56 -55 -55.5	

34 -55 -55 -55	

35 -55 -56 -55.5	

36 -53 -52 -52.5	

37 -53 -52 -52.5	

38 -52 -52 -52	

39 -51 -54 -52.5	

40 -51 -54 -52.5	

41 -51 -54 -52.5	

42 -51 -54 -52.5	

43 -52 -54 -53	

44 -51 -54 -52.5	

45 -51 -53 -52	

46 -52 -53 -52.5	

47 -53 -56 -54.5	

48 -53 -57 -55	

49 -54 -57 -55.5	

50 -53 -57 -55	

51 -54 -57 -55.5	

52 -54 -58 -56	

53 -52 -59 -55.5	

54 -52 -59 -55.5	

55 -53 -59 -56	

56 -54 -59 -56.5	

57 -55 -59 -57	

58 -55 -60 -57.5	

59 -56 -61 -58.5	

60 -57 -60 -58.5	

61 -57 -60 -58.5	

62 -57 -59 -58	

63 -60 -59 -59.5	

64 -62 -59 -60.5	

65 -62 -57 -59.5	

66 -60 -56 -58	

67 -59 -54 -56.5	

68 -58 -54 -56	

69 -57 -54 -55.5	

70 -56 -57 -56.5	

71 -56 -59 -57.5	

72 -54 -56 -55	

73 -53 -56 -54.5	

74 -56 -56 -56	

75 -57 -57 -57	

76 -56 -57 -56.5	

77 -57 -58 -57.5	

78 -58 -59 -58.5	

79 -57 -59 -58	

80 -57 -59 -58	

81 -57 -60 -58.5	

82 -58 -61 -59.5	

83 -58 -61 -59.5	

84 -58 -63 -60.5	

85 -59 -65 -62	

86 -59 -64 -61.5	

87 -60 -66 -63	

88 -65 -66 -65.5	

89 -65 -66 -65.5	

90 -66 -65 -65.5	

91 -66 -65 -65.5	

92 -66 -65 -65.5	

93 -66 -64 -65	

94 -66 -64 -65	

95 -66 -64 -65	

96 -64 -64 -64

#24_6_1
1 -57 -60 -58.5
2 -52 -60 -56
3 -52 -60 -56
4 -52 -60 -56
5 -51 -60 -55.5
6 -51 -60 -55.5
7 -52 -60 -56
8 -53 -62 -57.5
9 -55 -59 -57
10 -55 -58 -56.5
11 -55 -56 -55.5
12 -56 -56 -56
13 -56 -56 -56
14 -55 -57 -56
15 -55 -56 -55.5
16 -55 -56 -55.5
17 -55 -56 -55.5
18 -54 -55 -54.5
19 -54 -55 -54.5
20 -54 -56 -55
21 -54 -56 -55
22 -54 -56 -55
23 -53 -56 -54.5
24 -54 -56 -55
25 -54 -56 -55
26 -54 -56 -55
27 -54 -56 -55
28 -54 -56 -55
29 -56 -55 -55.5
30 -56 -55 -55.5
31 -57 -55 -56
32 -57 -54 -55.5
33 -57 -54 -55.5
34 -57 -54 -55.5
35 -56 -54 -55
36 -56 -54 -55
37 -55 -55 -55
38 -56 -56 -56
39 -52 -57 -54.5
40 -52 -57 -54.5
41 -53 -57 -55
42 -55 -58 -56.5
43 -55 -58 -56.5
44 -56 -58 -57
45 -56 -60 -58
46 -56 -61 -58.5
47 -57 -61 -59
48 -58 -63 -60.5
49 -58 -62 -60
50 -59 -63 -61
51 -60 -64 -62
52 -60 -64 -62
53 -61 -64 -62.5
54 -62 -64 -63
55 -62 -64 -63
56 -62 -62 -62
57 -63 -61 -62
58 -63 -61 -62
59 -63 -61 -62
60 -63 -61 -62
61 -63 -61 -62
62 -62 -62 -62
63 -62 -62 -62
64 -61 -64 -62.5
65 -63 -65 -64
66 -63 -67 -65
67 -63 -69 -66
68 -63 -66 -64.5
69 -63 -64 -63.5
70 -64 -61 -62.5
71 -64 -61 -62.5
72 -64 -61 -62.5
73 -64 -61 -62.5
74 -63 -61 -62
75 -62 -62 -62
76 -62 -62 -62
77 -62 -62 -62
78 -62 -62 -62
79 -62 -62 -62
80 -62 -63 -62.5
81 -64 -63 -63.5
82 -65 -65 -65
83 -66 -66 -66
84 -69 -66 -67.5
85 -68 -62 -65
86 -71 -62 -66.5
87 -71 -62 -66.5
88 -69 -64 -66.5
89 -67 -65 -66
90 -67 -65 -66
91 -67 -67 -67
92 -67 -66 -66.5
93 -67 -66 -66.5
94 -67 -66 -66.5
95 -67 -67 -67
96 -68 -68 -68

#24_6_2
1 -57 -60 -58.5
2 -52 -60 -56
3 -52 -60 -56
4 -52 -60 -56
5 -51 -60 -55.5
6 -51 -60 -55.5
7 -52 -60 -56
8 -53 -62 -57.5
9 -55 -59 -57
10 -55 -58 -56.5
11 -55 -56 -55.5
12 -56 -56 -56
13 -56 -56 -56
14 -55 -57 -56
15 -55 -56 -55.5
16 -55 -56 -55.5
17 -55 -56 -55.5
18 -54 -55 -54.5
19 -54 -55 -54.5
20 -54 -56 -55
21 -54 -56 -55
22 -54 -56 -55
23 -53 -56 -54.5
24 -54 -56 -55
25 -54 -56 -55
26 -54 -56 -55
27 -54 -56 -55
28 -54 -56 -55
29 -56 -55 -55.5
30 -56 -55 -55.5
31 -57 -55 -56
32 -57 -54 -55.5
33 -57 -54 -55.5
34 -57 -54 -55.5
35 -56 -54 -55
36 -56 -54 -55
37 -55 -55 -55
38 -56 -56 -56
39 -52 -57 -54.5
40 -52 -57 -54.5
41 -53 -57 -55
42 -55 -58 -56.5
43 -55 -58 -56.5
44 -56 -58 -57
45 -56 -60 -58
46 -56 -61 -58.5
47 -57 -61 -59
48 -58 -63 -60.5
49 -58 -62 -60
50 -59 -63 -61
51 -60 -64 -62
52 -60 -64 -62
53 -61 -64 -62.5
54 -62 -64 -63
55 -62 -64 -63
56 -62 -62 -62
57 -63 -61 -62
58 -63 -61 -62
59 -63 -61 -62
60 -63 -61 -62
61 -63 -61 -62
62 -62 -62 -62
63 -62 -62 -62
64 -61 -64 -62.5
65 -63 -65 -64
66 -63 -67 -65
67 -63 -69 -66
68 -63 -66 -64.5
69 -63 -64 -63.5
70 -64 -61 -62.5
71 -64 -61 -62.5
72 -64 -61 -62.5
73 -64 -61 -62.5
74 -63 -61 -62
75 -62 -62 -62
76 -62 -62 -62
77 -62 -62 -62
78 -62 -62 -62
79 -62 -62 -62
80 -62 -63 -62.5
81 -64 -63 -63.5
82 -65 -65 -65
83 -66 -66 -66
84 -69 -66 -67.5
85 -68 -62 -65
86 -71 -62 -66.5
87 -71 -62 -66.5
88 -69 -64 -66.5
89 -67 -65 -66
90 -67 -65 -66
91 -67 -67 -67
92 -67 -66 -66.5
93 -67 -66 -66.5
94 -67 -66 -66.5
95 -67 -67 -67
96 -68 -68 -68

#24_7_1
1 -59 -57 -58	

2 -59 -57 -58	

3 -59 -57 -58	

4 -59 -56 -57.5	

5 -59 -56 -57.5	

6 -59 -55 -57	

7 -59 -54 -56.5	

8 -59 -54 -56.5	

9 -59 -54 -56.5	

10 -59 -54 -56.5	

11 -59 -54 -56.5	

12 -59 -54 -56.5	

13 -59 -54 -56.5	

14 -59 -54 -56.5	

15 -57 -54 -55.5	

16 -57 -54 -55.5	

17 -56 -55 -55.5	

18 -56 -55 -55.5	

19 -56 -55 -55.5	

20 -56 -55 -55.5	

21 -56 -56 -56	

22 -56 -56 -56	

23 -56 -57 -56.5	

24 -56 -57 -56.5	

25 -56 -58 -57	

26 -56 -59 -57.5	

27 -57 -60 -58.5	

28 -57 -58 -57.5	

29 -57 -60 -58.5	

30 -57 -60 -58.5	

31 -57 -60 -58.5	

32 -57 -60 -58.5	

33 -57 -60 -58.5	

34 -58 -62 -60	

35 -59 -62 -60.5	

36 -59 -62 -60.5	

37 -59 -62 -60.5	

38 -60 -62 -61	

39 -60 -62 -61	

40 -60 -62 -61	

41 -61 -62 -61.5	

42 -61 -62 -61.5	

43 -63 -63 -63	

44 -63 -64 -63.5	

45 -65 -65 -65	

46 -67 -64 -65.5	

47 -68 -66 -67	

48 -69 -69 -69	

49 -70 -70 -70	

50 -73 -71 -72	

51 -77 -71 -74	

52 -78 -71 -74.5	

53 -78 -71 -74.5	

54 -77 -70 -73.5	

55 -77 -69 -73	

56 -77 -69 -73	

57 -72 -67 -69.5	

58 -72 -66 -69	

59 -72 -66 -69	

60 -70 -68 -69	

61 -69 -67 -68	

62 -69 -71 -70	

63 -69 -71 -70	

64 -69 -71 -70	

65 -69 -71 -70	

66 -69 -70 -69.5	

67 -68 -70 -69	

68 -72 -70 -71	

69 -69 -70 -69.5	

70 -68 -70 -69	

71 -68 -70 -69	

72 -68 -69 -68.5	

73 -69 -69 -69	

74 -71 -69 -70	

75 -71 -69 -70	

76 -71 -69 -70	

77 -71 -67 -69	

78 -69 -67 -68	

79 -67 -66 -66.5	

80 -65 -66 -65.5	

81 -65 -65 -65	

82 -63 -64 -63.5	

83 -63 -64 -63.5	

84 -63 -63 -63	

85 -62 -63 -62.5	

86 -62 -63 -62.5	

87 -62 -63 -62.5	

88 -62 -63 -62.5	

89 -62 -64 -63	

90 -63 -63 -63	

91 -63 -63 -63	

92 -63 -63 -63	

93 -63 -63 -63	

94 -63 -63 -63	

95 -63 -63 -63	

96 -63 -63 -63	

#24_7_2
1 -59 -59 -59
2 -60 -59 -59.5
3 -61 -59 -60
4 -61 -58 -59.5
5 -60 -57 -58.5
6 -60 -57 -58.5
7 -60 -57 -58.5
8 -60 -57 -58.5
9 -60 -57 -58.5
10 -60 -57 -58.5
11 -59 -57 -58
12 -59 -58 -58.5
13 -58 -55 -56.5
14 -58 -55 -56.5
15 -58 -55 -56.5
16 -58 -55 -56.5
17 -57 -55 -56
18 -57 -56 -56.5
19 -57 -56 -56.5
20 -57 -56 -56.5
21 -57 -57 -57
22 -57 -57 -57
23 -59 -57 -58
24 -59 -57 -58
25 -59 -58 -58.5
26 -59 -58 -58.5
27 -58 -58 -58
28 -58 -59 -58.5
29 -59 -60 -59.5
30 -59 -60 -59.5
31 -59 -61 -60
32 -59 -61 -60
33 -59 -61 -60
34 -59 -61 -60
35 -59 -61 -60
36 -60 -61 -60.5
37 -60 -62 -61
38 -60 -63 -61.5
39 -60 -63 -61.5
40 -60 -63 -61.5
41 -61 -65 -63
42 -61 -66 -63.5
43 -63 -67 -65
44 -63 -68 -65.5
45 -66 -68 -67
46 -68 -71 -69.5
47 -68 -74 -71
48 -68 -75 -71.5
49 -67 -76 -71.5
50 -69 -75 -72
51 -71 -74 -72.5
52 -72 -69 -70.5
53 -71 -69 -70
54 -72 -69 -70.5
55 -75 -69 -72
56 -76 -69 -72.5
57 -74 -70 -72
58 -74 -69 -71.5
59 -74 -70 -72
60 -74 -70 -72
61 -74 -69 -71.5
62 -72 -69 -70.5
63 -72 -69 -70.5
64 -72 -69 -70.5
65 -72 -67 -69.5
66 -71 -68 -69.5
67 -71 -68 -69.5
68 -70 -68 -69
69 -69 -68 -68.5
70 -70 -68 -69
71 -69 -67 -68
72 -68 -66 -67
73 -68 -66 -67
74 -68 -66 -67
75 -68 -64 -66
76 -66 -63 -64.5
77 -66 -63 -64.5
78 -65 -63 -64
79 -65 -63 -64
80 -66 -63 -64.5
81 -66 -63 -64.5
82 -65 -63 -64
83 -64 -63 -63.5
84 -63 -63 -63
85 -63 -64 -63.5
86 -63 -64 -63.5
87 -62 -64 -63
88 -62 -65 -63.5
89 -62 -67 -64.5
90 -62 -67 -64.5
91 -63 -67 -65
92 -65 -67 -66
93 -65 -66 -65.5
94 -65 -66 -65.5
95 -65 -65 -65
96 -65 -65 -65

#24_8_1
1 -58 -59 -58.5	

2 -58 -59 -58.5	

3 -59 -59 -59	

4 -59 -59 -59	

5 -59 -59 -59	

6 -59 -59 -59	

7 -59 -58 -58.5	

8 -59 -57 -58	

9 -59 -57 -58	

10 -59 -57 -58	

11 -59 -57 -58	

12 -59 -57 -58	

13 -59 -58 -58.5	

14 -59 -58 -58.5	

15 -59 -58 -58.5	

16 -58 -58 -58	

17 -58 -58 -58	

18 -58 -58 -58	

19 -58 -59 -58.5	

20 -58 -59 -58.5	

21 -58 -59 -58.5	

22 -58 -59 -58.5	

23 -58 -59 -58.5	

24 -59 -59 -59	

25 -59 -60 -59.5	

26 -59 -60 -59.5	

27 -59 -60 -59.5	

28 -60 -60 -60	

29 -60 -60 -60	

30 -60 -60 -60	

31 -61 -60 -60.5	

32 -61 -61 -61	

33 -61 -61 -61	

34 -61 -61 -61	

35 -61 -61 -61	

36 -61 -61 -61	

37 -61 -61 -61	

38 -61 -61 -61	

39 -61 -61 -61	

40 -61 -61 -61	

41 -61 -61 -61	

42 -61 -61 -61	

43 -61 -62 -61.5	

44 -61 -62 -61.5	

45 -61 -62 -61.5	

46 -61 -62 -61.5	

47 -61 -63 -62	

48 -61 -63 -62	

49 -61 -64 -62.5	

50 -61 -64 -62.5	

51 -61 -64 -62.5	

52 -61 -63 -62	

53 -61 -62 -61.5	

54 -61 -62 -61.5	

55 -61 -63 -62	

56 -63 -65 -64	

57 -65 -64 -64.5	

58 -65 -64 -64.5	

59 -65 -63 -64	

60 -64 -65 -64.5	

61 -64 -65 -64.5	

62 -65 -65 -65	

63 -66 -63 -64.5	

64 -66 -63 -64.5	

65 -66 -63 -64.5	

66 -66 -63 -64.5	

67 -65 -63 -64	

68 -65 -65 -65	

69 -65 -65 -65	

70 -65 -64 -64.5	

71 -65 -66 -65.5	

72 -65 -67 -66	

73 -65 -67 -66	

74 -65 -67 -66	

75 -65 -67 -66	

76 -65 -68 -66.5	

77 -64 -68 -66	

78 -64 -71 -67.5	

79 -67 -73 -70	

80 -68 -73 -70.5	

81 -68 -72 -70	

82 -70 -74 -72	

83 -73 -72 -72.5	

84 -72 -72 -72	

85 -71 -76 -73.5	

86 -69 -75 -72	

87 -71 -75 -73	

88 -70 -76 -73	

89 -71 -77 -74	

90 -70 -71 -70.5	

91 -71 -69 -70	

92 -71 -70 -70.5	

93 -70 -68 -69	

94 -68 -68 -68	

95 -66 -68 -67	

96 -66 -66 -66	

#24_8_2
1 -57 -60 -58.5	

2 -60 -60 -60	

3 -62 -59 -60.5	

4 -64 -59 -61.5	

5 -65 -57 -61	

6 -61 -57 -59	

7 -60 -57 -58.5	

8 -62 -57 -59.5	

9 -65 -57 -61	

10 -59 -57 -58	

11 -59 -57 -58	

12 -59 -56 -57.5	

13 -62 -56 -59	

14 -61 -56 -58.5	

15 -59 -56 -57.5	

16 -62 -57 -59.5	

17 -61 -58 -59.5	

18 -60 -58 -59	

19 -61 -58 -59.5	

20 -61 -58 -59.5	

21 -60 -58 -59	

22 -59 -58 -58.5	

23 -58 -59 -58.5	

24 -57 -59 -58	

25 -57 -59 -58	

26 -57 -59 -58	

27 -57 -59 -58	

28 -57 -59 -58	

29 -57 -59 -58	

30 -58 -59 -58.5	

31 -59 -59 -59	

32 -60 -59 -59.5	

33 -60 -59 -59.5	

34 -60 -59 -59.5	

35 -60 -59 -59.5	

36 -61 -58 -59.5	

37 -61 -58 -59.5	

38 -61 -58 -59.5	

39 -61 -59 -60	

40 -60 -59 -59.5	

41 -60 -59 -59.5	

42 -60 -59 -59.5	

43 -60 -59 -59.5	

44 -59 -59 -59	

45 -59 -60 -59.5	

46 -59 -60 -59.5	

47 -59 -60 -59.5	

48 -59 -60 -59.5	

49 -59 -60 -59.5	

50 -60 -60 -60	

51 -60 -60 -60	

52 -60 -61 -60.5	

53 -62 -61 -61.5	

54 -63 -61 -62	

55 -61 -61 -61	

56 -61 -61 -61	

57 -62 -61 -61.5	

58 -64 -61 -62.5	

59 -66 -61 -63.5	

60 -65 -62 -63.5	

61 -61 -62 -61.5	

62 -61 -62 -61.5	

63 -61 -62 -61.5	

64 -61 -62 -61.5	

65 -61 -64 -62.5	

66 -61 -65 -63	

67 -61 -65 -63	

68 -61 -65 -63	

69 -61 -65 -63	

70 -64 -66 -65	

71 -64 -68 -66	

72 -63 -68 -65.5	

73 -64 -68 -66	

74 -65 -67 -66	

75 -66 -70 -68	

76 -66 -70 -68	

77 -66 -70 -68	

78 -66 -70 -68	

79 -67 -69 -68	

80 -67 -70 -68.5	

81 -70 -69 -69.5	

82 -70 -71 -70.5	

83 -70 -70 -70	

84 -70 -69 -69.5	

85 -73 -70 -71.5	

86 -74 -69 -71.5	

87 -73 -72 -72.5	

88 -74 -72 -73	

89 -75 -72 -73.5	

90 -77 -73 -75	

91 -75 -73 -74	

92 -70 -73 -71.5	

93 -73 -69 -71	

94 -74 -74 -74	

95 -73 -71 -72	

96 -70 -70 -70	

#24_9_1
1 -60 -67 -63.5	

2 -64 -65 -64.5	

3 -62 -64 -63	

4 -64 -63 -63.5	

5 -62 -66 -64	

6 -63 -67 -65	

7 -70 -69 -69.5	

8 -65 -70 -67.5	

9 -69 -75 -72	

10 -68 -73 -70.5	

11 -70 -71 -70.5	

12 -74 -67 -70.5	

13 -74 -64 -69	

14 -71 -61 -66	

15 -68 -60 -64	

16 -65 -59 -62	

17 -63 -58 -60.5	

18 -61 -57 -59	

19 -61 -56 -58.5	

20 -59 -56 -57.5	

21 -59 -56 -57.5	

22 -58 -56 -57	

23 -58 -56 -57	

24 -57 -55 -56	

25 -57 -55 -56	

26 -56 -55 -55.5	

27 -56 -57 -56.5	

28 -56 -57 -56.5	

29 -56 -57 -56.5	

30 -56 -58 -57	

31 -56 -58 -57	

32 -56 -58 -57	

33 -57 -58 -57.5	

34 -57 -60 -58.5	

35 -57 -60 -58.5	

36 -58 -60 -59	

37 -58 -60 -59	

38 -58 -61 -59.5	

39 -59 -61 -60	

40 -59 -62 -60.5	

41 -59 -62 -60.5	

42 -59 -63 -61	

43 -60 -63 -61.5	

44 -61 -64 -62.5	

45 -61 -64 -62.5	

46 -61 -64 -62.5	

47 -62 -65 -63.5	

48 -62 -66 -64	

49 -62 -66 -64	

50 -63 -65 -64	

51 -64 -64 -64	

52 -64 -64 -64	

53 -65 -63 -64	

54 -65 -63 -64	

55 -64 -61 -62.5	

56 -63 -61 -62	

57 -63 -63 -63	

58 -63 -63 -63	

59 -63 -63 -63	

60 -62 -63 -62.5	

61 -62 -63 -62.5	

62 -62 -63 -62.5	

63 -62 -63 -62.5	

64 -62 -64 -63	

65 -62 -64 -63	

66 -62 -64 -63	

67 -62 -65 -63.5	

68 -63 -66 -64.5	

69 -63 -68 -65.5	

70 -63 -69 -66	

71 -66 -71 -68.5	

72 -67 -75 -71	

73 -67 -74 -70.5	

74 -68 -76 -72	

75 -68 -74 -71	

76 -70 -73 -71.5	

77 -74 -68 -71	

78 -76 -66 -71	

79 -74 -63 -68.5	

80 -71 -62 -66.5	

81 -68 -61 -64.5	

82 -67 -61 -64	

83 -65 -61 -63	

84 -64 -61 -62.5	

85 -62 -61 -61.5	

86 -62 -61 -61.5	

87 -62 -61 -61.5	

88 -62 -61 -61.5	

89 -62 -62 -62	

90 -62 -62 -62	

91 -62 -62 -62	

92 -62 -63 -62.5	

93 -62 -63 -62.5	

94 -62 -63 -62.5	

95 -62 -63 -62.5	

96 -62 -62 -62

#24_9_2
1 -62 -67 -64.5
2 -65 -64 -64.5
3 -66 -64 -65
4 -67 -65 -66
5 -68 -66 -67
6 -67 -68 -67.5
7 -63 -71 -67
8 -57 -73 -65
9 -56 -76 -66
10 -57 -73 -65
11 -57 -69 -63
12 -57 -67 -62
13 -58 -64 -61
14 -58 -60 -59
15 -58 -59 -58.5
16 -61 -59 -60
17 -60 -58 -59
18 -60 -57 -58.5
19 -59 -57 -58
20 -59 -57 -58
21 -58 -56 -57
22 -58 -56 -57
23 -58 -56 -57
24 -58 -56 -57
25 -59 -56 -57.5
26 -60 -57 -58.5
27 -60 -57 -58.5
28 -60 -58 -59
29 -60 -58 -59
30 -60 -59 -59.5
31 -60 -59 -59.5
32 -60 -59 -59.5
33 -58 -59 -58.5
34 -58 -59 -58.5
35 -58 -60 -59
36 -58 -60 -59
37 -58 -60 -59
38 -58 -60 -59
39 -58 -61 -59.5
40 -58 -61 -59.5
41 -58 -61 -59.5
42 -58 -61 -59.5
43 -61 -61 -61
44 -61 -63 -62
45 -61 -64 -62.5
46 -62 -64 -63
47 -62 -65 -63.5
48 -63 -66 -64.5
49 -62 -66 -64
50 -67 -66 -66.5
51 -66 -66 -66
52 -70 -65 -67.5
53 -69 -65 -67
54 -69 -65 -67
55 -68 -63 -65.5
56 -65 -63 -64
57 -65 -62 -63.5
58 -65 -62 -63.5
59 -64 -62 -63
60 -63 -62 -62.5
61 -63 -63 -63
62 -63 -63 -63
63 -63 -63 -63
64 -63 -64 -63.5
65 -63 -64 -63.5
66 -62 -64 -63
67 -62 -66 -64
68 -62 -67 -64.5
69 -62 -69 -65.5
70 -62 -70 -66
71 -63 -72 -67.5
72 -64 -74 -69
73 -65 -76 -70.5
74 -67 -76 -71.5
75 -67 -75 -71
76 -68 -71 -69.5
77 -72 -69 -70.5
78 -74 -66 -70
79 -70 -67 -68.5
80 -69 -67 -68
81 -67 -67 -67
82 -67 -67 -67
83 -67 -67 -67
84 -65 -67 -66
85 -65 -67 -66
86 -65 -67 -66
87 -64 -67 -65.5
88 -65 -67 -66
89 -68 -67 -67.5
90 -67 -67 -67
91 -67 -67 -67
92 -67 -70 -68.5
93 -67 -72 -69.5
94 -67 -70 -68.5
95 -67 -69 -68
96 -69 -69 -69

#24_10_1
1 -58 -58 -58	

2 -57 -58 -57.5	

3 -57 -58 -57.5	

4 -57 -58 -57.5	

5 -57 -59 -58	

6 -57 -59 -58	

7 -57 -59 -58	

8 -57 -59 -58	

9 -57 -59 -58	

10 -57 -60 -58.5	

11 -57 -60 -58.5	

12 -57 -60 -58.5	

13 -57 -60 -58.5	

14 -57 -60 -58.5	

15 -57 -61 -59	

16 -57 -62 -59.5	

17 -59 -62 -60.5	

18 -59 -62 -60.5	

19 -59 -62 -60.5	

20 -59 -62 -60.5	

21 -59 -62 -60.5	

22 -60 -62 -61	

23 -60 -62 -61	

24 -61 -62 -61.5	

25 -61 -63 -62	

26 -61 -63 -62	

27 -61 -63 -62	

28 -61 -63 -62	

29 -61 -64 -62.5	

30 -62 -68 -65	

31 -63 -68 -65.5	

32 -64 -69 -66.5	

33 -64 -69 -66.5	

34 -66 -70 -68	

35 -67 -72 -69.5	

36 -69 -72 -70.5	

37 -71 -72 -71.5	

38 -72 -73 -72.5	

39 -73 -73 -73	

40 -73 -72 -72.5	

41 -71 -72 -71.5	

42 -71 -71 -71	

43 -69 -71 -70	

44 -68 -71 -69.5	

45 -69 -71 -70	

46 -71 -69 -70	

47 -71 -67 -69	

48 -71 -66 -68.5	

49 -70 -66 -68	

50 -69 -66 -67.5	

51 -68 -67 -67.5	

52 -68 -68 -68	

53 -67 -68 -67.5	

54 -66 -69 -67.5	

55 -65 -72 -68.5	

56 -65 -74 -69.5	

57 -65 -74 -69.5	

58 -66 -74 -70	

59 -68 -74 -71	

60 -68 -73 -70.5	

61 -70 -71 -70.5	

62 -71 -70 -70.5	

63 -71 -68 -69.5	

64 -71 -68 -69.5	

65 -71 -68 -69.5	

66 -70 -65 -67.5	

67 -68 -63 -65.5	

68 -66 -61 -63.5	

69 -64 -61 -62.5	

70 -64 -61 -62.5	

71 -63 -61 -62	

72 -61 -61 -61	

73 -61 -61 -61	

74 -61 -61 -61	

75 -61 -61 -61	

76 -61 -61 -61	

77 -61 -61 -61	

78 -61 -61 -61	

79 -61 -62 -61.5	

80 -61 -62 -61.5	

81 -61 -63 -62	

82 -63 -63 -63	

83 -63 -63 -63	

84 -63 -64 -63.5	

85 -63 -64 -63.5	

86 -63 -64 -63.5	

87 -64 -63 -63.5	

88 -64 -62 -63	

89 -64 -62 -63	

90 -64 -62 -63	

91 -64 -62 -63	

92 -64 -62 -63	

93 -63 -62 -62.5	

94 -63 -62 -62.5	

95 -63 -62 -62.5	

96 -63 -63 -63	



#24_10_2
1 -56 -57 -56.5	

2 -56 -57 -56.5	

3 -56 -58 -57	

4 -53 -58 -55.5	

5 -52 -58 -55	

6 -52 -58 -55	

7 -52 -58 -55	

8 -54 -58 -56	

9 -54 -58 -56	

10 -54 -58 -56	

11 -55 -59 -57	

12 -55 -59 -57	

13 -56 -59 -57.5	

14 -57 -59 -58	

15 -57 -59 -58	

16 -57 -59 -58	

17 -57 -59 -58	

18 -59 -60 -59.5	

19 -59 -60 -59.5	

20 -59 -60 -59.5	

21 -60 -60 -60	

22 -60 -60 -60	

23 -60 -60 -60	

24 -61 -61 -61	

25 -64 -63 -63.5	

26 -66 -63 -64.5	

27 -67 -64 -65.5	

28 -67 -64 -65.5	

29 -67 -64 -65.5	

30 -67 -66 -66.5	

31 -67 -67 -67	

32 -69 -69 -69	

33 -69 -70 -69.5	

34 -70 -70 -70	

35 -70 -71 -70.5	

36 -69 -72 -70.5	

37 -69 -74 -71.5	

38 -69 -72 -70.5	

39 -71 -72 -71.5	

40 -69 -70 -69.5	

41 -69 -70 -69.5	

42 -71 -68 -69.5	

43 -70 -68 -69	

44 -71 -67 -69	

45 -68 -67 -67.5	

46 -70 -67 -68.5	

47 -71 -67 -69	

48 -70 -67 -68.5	

49 -70 -67 -68.5	

50 -70 -68 -69	

51 -70 -68 -69	

52 -67 -65 -66	

53 -67 -66 -66.5	

54 -67 -66 -66.5	

55 -67 -70 -68.5	

56 -67 -70 -68.5	

57 -67 -71 -69	

58 -67 -71 -69	

59 -67 -73 -70	

60 -67 -71 -69	

61 -69 -70 -69.5	

62 -70 -68 -69	

63 -72 -68 -70	

64 -72 -68 -70	

65 -70 -65 -67.5	

66 -70 -63 -66.5	

67 -67 -62 -64.5	

68 -67 -61 -64	

69 -64 -60 -62	

70 -63 -60 -61.5	

71 -63 -60 -61.5	

72 -62 -61 -61.5	

73 -61 -61 -61	

74 -61 -61 -61	

75 -60 -62 -61	

76 -60 -62 -61	

77 -60 -62 -61	

78 -60 -62 -61	

79 -60 -65 -62.5	

80 -61 -65 -63	

81 -62 -65 -63.5	

82 -63 -65 -64	

83 -64 -64 -64	

84 -64 -64 -64	

85 -66 -63 -64.5	

86 -69 -64 -66.5	

87 -66 -65 -65.5	

88 -67 -64 -65.5	

89 -65 -64 -64.5	

90 -63 -64 -63.5	

91 -64 -63 -63.5	

92 -64 -63 -63.5	

93 -64 -64 -64	

94 -64 -64 -64	

95 -64 -64 -64	

96 -63 -63 -63	

#24_11_1

1 -71 -58 -64.5	

2 -61 -58 -59.5	

3 -56 -58 -57	

4 -55 -58 -56.5	

5 -56 -59 -57.5	

6 -56 -57 -56.5	

7 -56 -57 -56.5	

8 -59 -57 -58	

9 -58 -58 -58	

10 -58 -58 -58	

11 -58 -58 -58	

12 -58 -58 -58	

13 -58 -58 -58	

14 -59 -58 -58.5	

15 -58 -58 -58	

16 -60 -58 -59	

17 -60 -58 -59	

18 -58 -58 -58	

19 -58 -58 -58	

20 -58 -58 -58	

21 -59 -58 -58.5	

22 -59 -58 -58.5	

23 -59 -58 -58.5	

24 -59 -58 -58.5	

25 -59 -58 -58.5	

26 -59 -59 -59	

27 -61 -60 -60.5	

28 -61 -62 -61.5	

29 -61 -62 -61.5	

30 -61 -63 -62	

31 -61 -64 -62.5	

32 -62 -65 -63.5	

33 -62 -66 -64	

34 -63 -63 -63	

35 -63 -64 -63.5	

36 -63 -70 -66.5	

37 -65 -71 -68	

38 -66 -71 -68.5	

39 -66 -69 -67.5	

40 -66 -69 -67.5	

41 -66 -69 -67.5	

42 -66 -68 -67	

43 -66 -70 -68	

44 -65 -73 -69	

45 -65 -68 -66.5	

46 -66 -68 -67	

47 -66 -70 -68	

48 -66 -71 -68.5	

49 -66 -70 -68	

50 -66 -69 -67.5	

51 -67 -69 -68	

52 -68 -69 -68.5	

53 -68 -72 -70	

54 -68 -69 -68.5	

55 -68 -67 -67.5	

56 -68 -68 -68	

57 -69 -68 -68.5	

58 -70 -68 -69	

59 -70 -67 -68.5	

60 -70 -72 -71	

61 -70 -69 -69.5	

62 -70 -69 -69.5	

63 -70 -65 -67.5	

64 -72 -65 -68.5	

65 -73 -66 -69.5	

66 -69 -66 -67.5	

67 -69 -66 -67.5	

68 -69 -66 -67.5	

69 -66 -65 -65.5	

70 -64 -64 -64	

71 -68 -64 -66	

72 -67 -65 -66	

73 -66 -65 -65.5	

74 -67 -65 -66	

75 -67 -66 -66.5	

76 -66 -66 -66	

77 -66 -66 -66	

78 -65 -66 -65.5	

79 -67 -67 -67	

80 -68 -65 -66.5	

81 -66 -65 -65.5	

82 -67 -63 -65	

83 -66 -63 -64.5	

84 -64 -63 -63.5	

85 -63 -62 -62.5	

86 -63 -61 -62	

87 -64 -61 -62.5	

88 -68 -61 -64.5	

89 -65 -61 -63	

90 -65 -63 -64	

91 -65 -63 -64	

92 -62 -64 -63	

93 -60 -64 -62	

94 -60 -63 -61.5	

95 -61 -61 -61	

96 -61 -61 -61	

#24_11_2
1 -53
1 -54 -53 -53.5	

2 -54 -53 -53.5	

3 -54 -53 -53.5	

4 -54 -53 -53.5	

5 -54 -53 -53.5	

6 -54 -53 -53.5	

7 -54 -53 -53.5	

8 -54 -53 -53.5	

9 -53 -53 -53	

10 -53 -53 -53	

11 -53 -54 -53.5	

12 -53 -54 -53.5	

13 -53 -54 -53.5	

14 -53 -54 -53.5	

15 -53 -54 -53.5	

16 -53 -54 -53.5	

17 -53 -54 -53.5	

18 -53 -54 -53.5	

19 -53 -54 -53.5	

20 -53 -54 -53.5	

21 -53 -54 -53.5	

22 -54 -54 -54	

23 -54 -54 -54	

24 -54 -56 -55	

25 -54 -56 -55	

26 -54 -57 -55.5	

27 -54 -58 -56	

28 -55 -59 -57	

29 -55 -59 -57	

30 -55 -59 -57	

31 -55 -60 -57.5	

32 -55 -60 -57.5	

33 -56 -62 -59	

34 -58 -64 -61	

35 -58 -66 -62	

36 -61 -67 -64	

37 -61 -69 -65	

38 -63 -72 -67.5	

39 -63 -73 -68	

40 -66 -73 -69.5	

41 -67 -73 -70	

42 -69 -73 -71	

43 -72 -73 -72.5	

44 -73 -73 -73	

45 -71 -74 -72.5	

46 -71 -74 -72.5	

47 -71 -70 -70.5	

48 -69 -70 -69.5	

49 -69 -67 -68	

50 -69 -66 -67.5	

51 -68 -65 -66.5	

52 -66 -66 -66	

53 -66 -63 -64.5	

54 -64 -63 -63.5	

55 -64 -63 -63.5	

56 -64 -63 -63.5	

57 -64 -64 -64	

58 -64 -64 -64	

59 -64 -64 -64	

60 -65 -65 -65	

61 -66 -65 -65.5	

62 -67 -67 -67	

63 -69 -67 -68	

64 -71 -66 -68.5	

65 -71 -66 -68.5	

66 -73 -63 -68	

67 -71 -63 -67	

68 -69 -62 -65.5	

69 -67 -61 -64	

70 -66 -61 -63.5	

71 -64 -60 -62	

72 -63 -60 -61.5	

73 -63 -60 -61.5	

74 -62 -61 -61.5	

75 -61 -61 -61	

76 -61 -61 -61	

77 -61 -61 -61	

78 -60 -63 -61.5	

79 -60 -63 -61.5	

80 -60 -63 -61.5	

81 -60 -63 -61.5	

82 -61 -62 -61.5	

83 -62 -62 -62	

84 -62 -62 -62	

85 -62 -63 -62.5	

86 -62 -63 -62.5	

87 -62 -63 -62.5	

88 -62 -64 -63	

89 -62 -62 -62	

90 -63 -61 -62	

91 -63 -61 -62	

92 -61 -61 -61	

93 -61 -60 -60.5	

94 -61 -61 -61	

95 -61 -61 -61	

96 -61 -61 -61

#24_12_1
1 -59 -61 -60	

2 -60 -62 -61	

3 -60 -62 -61	

4 -60 -63 -61.5	

5 -60 -64 -62	

6 -60 -64 -62	

7 -60 -64 -62	

8 -60 -64 -62	

9 -60 -63 -61.5	

10 -60 -63 -61.5	

11 -60 -63 -61.5	

12 -59 -64 -61.5	

13 -59 -64 -61.5	

14 -59 -65 -62	

15 -59 -65 -62	

16 -59 -63 -61	

17 -59 -64 -61.5	

18 -59 -67 -63	

19 -59 -68 -63.5	

20 -59 -68 -63.5	

21 -62 -69 -65.5	

22 -62 -70 -66	

23 -64 -69 -66.5	

24 -64 -69 -66.5	

25 -64 -67 -65.5	

26 -64 -67 -65.5	

27 -64 -67 -65.5	

28 -66 -67 -66.5	

29 -66 -67 -66.5	

30 -66 -67 -66.5	

31 -70 -67 -68.5	

32 -70 -67 -68.5	

33 -68 -67 -67.5	

34 -67 -66 -66.5	

35 -66 -66 -66	

36 -68 -66 -67	

37 -70 -66 -68	

38 -67 -66 -66.5	

39 -69 -67 -68	

40 -70 -66 -68	

41 -67 -66 -66.5	

42 -69 -65 -67	

43 -69 -65 -67	

44 -67 -64 -65.5	

45 -68 -64 -66	

46 -71 -63 -67	

47 -70 -63 -66.5	

48 -68 -63 -65.5	

49 -68 -62 -65	

50 -68 -62 -65	

51 -67 -62 -64.5	

52 -65 -62 -63.5	

53 -65 -62 -63.5	

54 -63 -63 -63	

55 -62 -64 -63	

56 -62 -64 -63	

57 -62 -65 -63.5	

58 -62 -67 -64.5	

59 -62 -70 -66	

60 -64 -71 -67.5	

61 -62 -71 -66.5	

62 -66 -71 -68.5	

63 -64 -71 -67.5	

64 -66 -69 -67.5	

65 -68 -67 -67.5	

66 -69 -66 -67.5	

67 -69 -65 -67	

68 -66 -65 -65.5	

69 -66 -65 -65.5	

70 -64 -65 -64.5	

71 -65 -62 -63.5	

72 -63 -65 -64	

73 -63 -65 -64	

74 -63 -66 -64.5	

75 -64 -67 -65.5	

76 -65 -66 -65.5	

77 -65 -68 -66.5	

78 -66 -69 -67.5	

79 -66 -67 -66.5	

80 -67 -70 -68.5	

81 -67 -73 -70	

82 -70 -69 -69.5	

83 -71 -68 -69.5	

84 -74 -72 -73	

85 -73 -73 -73	

86 -74 -73 -73.5	

87 -75 -76 -75.5	

88 -75 -72 -73.5	

89 -76 -72 -74	

90 -76 -72 -74	

91 -75 -72 -73.5	

92 -74 -72 -73	

93 -74 -73 -73.5	

94 -74 -72 -73	

95 -72 -72 -72	

96 -72 -72 -72	



#24_12_2

1 -58 -64 -61	

2 -59 -64 -61.5	

3 -59 -63 -61	

4 -59 -62 -60.5	

5 -59 -62 -60.5	

6 -59 -62 -60.5	

7 -59 -62 -60.5	

8 -59 -62 -60.5	

9 -59 -62 -60.5	

10 -59 -64 -61.5	

11 -59 -64 -61.5	

12 -59 -65 -62	

13 -59 -66 -62.5	

14 -60 -67 -63.5	

15 -60 -66 -63	

16 -60 -67 -63.5	

17 -61 -67 -64	

18 -61 -68 -64.5	

19 -61 -70 -65.5	

20 -65 -70 -67.5	

21 -62 -70 -66	

22 -66 -71 -68.5	

23 -67 -70 -68.5	

24 -67 -68 -67.5	

25 -67 -68 -67.5	

26 -71 -68 -69.5	

27 -69 -68 -68.5	

28 -66 -68 -67	

29 -66 -67 -66.5	

30 -67 -66 -66.5	

31 -69 -65 -67	

32 -70 -65 -67.5	

33 -71 -64 -67.5	

34 -69 -64 -66.5	

35 -66 -64 -65	

36 -66 -64 -65	

37 -65 -64 -64.5	

38 -65 -64 -64.5	

39 -63 -65 -64	

40 -64 -65 -64.5	

41 -65 -65 -65	

42 -64 -65 -64.5	

43 -68 -66 -67	

44 -68 -63 -65.5	

45 -65 -63 -64	

46 -65 -63 -64	

47 -67 -63 -65	

48 -68 -63 -65.5	

49 -66 -63 -64.5	

50 -65 -63 -64	

51 -65 -63 -64	

52 -64 -63 -63.5	

53 -63 -62 -62.5	

54 -63 -62 -62.5	

55 -63 -62 -62.5	

56 -62 -62 -62	

57 -62 -63 -62.5	

58 -62 -69 -65.5	

59 -63 -74 -68.5	

60 -64 -75 -69.5	

61 -67 -73 -70	

62 -69 -70 -69.5	

63 -68 -67 -67.5	

64 -72 -66 -69	

65 -71 -63 -67	

66 -71 -62 -66.5	

67 -67 -61 -64	

68 -65 -61 -63	

69 -62 -61 -61.5	

70 -62 -62 -62	

71 -62 -61 -61.5	

72 -62 -61 -61.5	

73 -62 -63 -62.5	

74 -61 -65 -63	

75 -61 -66 -63.5	

76 -61 -69 -65	

77 -62 -75 -68.5	

78 -64 -75 -69.5	

79 -66 -72 -69	

80 -66 -73 -69.5	

81 -68 -73 -70.5	

82 -67 -75 -71	

83 -67 -77 -72	

84 -72 -77 -74.5	

85 -74 -77 -75.5	

86 -74 -76 -75	

87 -73 -76 -74.5	

88 -72 -76 -74	

89 -72 -75 -73.5	

90 -70 -75 -72.5	

91 -72 -75 -73.5	

92 -75 -76 -75.5	

93 -74 -76 -75	

94 -75 -75 -75	

95 -76 -76 -76	

96 -76 -76 -76	



 

