#72_1_1
1 -39 -43 -41	

2 -42 -43 -42.5	

3 -42 -44 -43	

4 -42 -44 -43	

5 -42 -45 -43.5	

6 -42 -46 -44	

7 -42 -47 -44.5	

8 -43 -47 -45	

9 -44 -49 -46.5	

10 -45 -50 -47.5	

11 -46 -52 -49	

12 -46 -52 -49	

13 -47 -52 -49.5	

14 -47 -50 -48.5	

15 -47 -50 -48.5	

16 -47 -47 -47	

17 -45 -44 -44.5	

18 -44 -43 -43.5	

19 -43 -42 -42.5	

20 -43 -42 -42.5	

21 -42 -42 -42	

22 -42 -42 -42	

23 -41 -42 -41.5	

24 -41 -42 -41.5	

25 -41 -43 -42	

26 -41 -43 -42	

27 -41 -43 -42	

28 -41 -45 -43	

29 -41 -45 -43	

30 -42 -46 -44	

31 -44 -47 -45.5	

32 -46 -49 -47.5	

33 -49 -53 -51	

34 -51 -55 -53	

35 -55 -63 -59	

36 -57 -66 -61.5	

37 -67 -55 -61	

38 -61 -49 -55	

39 -56 -44 -50	

40 -50 -43 -46.5	

41 -50 -43 -46.5	

42 -47 -43 -45	

43 -45 -43 -44	

44 -45 -43 -44	

45 -45 -44 -44.5	

46 -45 -44 -44.5	

47 -45 -45 -45	

48 -46 -43 -44.5	

49 -44 -41 -42.5	

50 -42 -39 -40.5	

51 -36 -34 -35	

52 -33 -33 -33	

53 -36 -31 -33.5	

54 -34 -30 -32	

55 -32 -28 -30	

56 -32 -28 -30	

57 -30 -28 -29	

58 -29 -28 -28.5	

59 -28 -28 -28	

60 -27 -29 -28	

61 -27 -29 -28	

62 -27 -30 -28.5	

63 -28 -34 -31	

64 -29 -34 -31.5	

65 -32 -33 -32.5	

66 -34 -35 -34.5	

67 -40 -40 -40	

68 -41 -40 -40.5	

69 -43 -42 -42.5	

70 -44 -44 -44	

71 -44 -45 -44.5	

72 -43 -46 -44.5	

73 -43 -47 -45	

74 -43 -47 -45	

75 -43 -47 -45	

76 -43 -47 -45	

77 -43 -47 -45	

78 -43 -47 -45	

79 -43 -47 -45	

80 -43 -47 -45	

81 -43 -47 -45	

82 -43 -47 -45	

83 -43 -47 -45	

84 -43 -47 -45	

85 -43 -47 -45	

86 -43 -47 -45	

87 -47 -49 -48	

88 -47 -50 -48.5	

89 -49 -51 -50	

90 -49 -49 -49	

91 -49 -49 -49	

92 -48 -45 -46.5	

93 -46 -43 -44.5	

94 -43 -43 -43	

95 -43 -43 -43	

96 -43 -43 -43
#72_1_2
1 -40 -41 -40.5	

2 -40 -41 -40.5	

3 -40 -41 -40.5	

4 -40 -41 -40.5	

5 -40 -41 -40.5	

6 -41 -42 -41.5	

7 -41 -42 -41.5	

8 -41 -43 -42	

9 -42 -44 -43	

10 -42 -45 -43.5	

11 -42 -46 -44	

12 -43 -46 -44.5	

13 -43 -46 -44.5	

14 -43 -46 -44.5	

15 -43 -46 -44.5	

16 -44 -44 -44	

17 -44 -43 -43.5	

18 -44 -42 -43	

19 -43 -42 -42.5	

20 -43 -42 -42.5	

21 -43 -42 -42.5	

22 -42 -42 -42	

23 -42 -42 -42	

24 -42 -44 -43	

25 -42 -44 -43	

26 -42 -46 -44	

27 -42 -47 -44.5	

28 -43 -50 -46.5	

29 -43 -52 -47.5	

30 -45 -55 -50	

31 -49 -59 -54	

32 -54 -58 -56	

33 -56 -51 -53.5	

34 -56 -49 -52.5	

35 -51 -46 -48.5	

36 -50 -43 -46.5	

37 -47 -43 -45	

38 -44 -42 -43	

39 -42 -42 -42	

40 -42 -42 -42	

41 -42 -43 -42.5	

42 -42 -43 -42.5	

43 -42 -43 -42.5	

44 -43 -44 -43.5	

45 -44 -46 -45	

46 -48 -46 -47	

47 -51 -45 -48	

48 -50 -42 -46	

49 -43 -39 -41	

50 -35 -36 -35.5	

51 -31 -32 -31.5	

52 -36 -31 -33.5	

53 -32 -26 -29	

54 -30 -26 -28	

55 -30 -26 -28	

56 -30 -25 -27.5	

57 -28 -25 -26.5	

58 -26 -25 -25.5	

59 -26 -25 -25.5	

60 -26 -26 -26	

61 -25 -26 -25.5	

62 -26 -27 -26.5	

63 -26 -28 -27	

64 -28 -29 -28.5	

65 -28 -32 -30	

66 -31 -33 -32	

67 -35 -35 -35	

68 -35 -36 -35.5	

69 -36 -38 -37	

70 -36 -38 -37	

71 -36 -39 -37.5	

72 -36 -39 -37.5	

73 -36 -39 -37.5	

74 -36 -40 -38	

75 -36 -40 -38	

76 -36 -40 -38	

77 -36 -40 -38	

78 -36 -40 -38	

79 -36 -40 -38	

80 -36 -40 -38	

81 -37 -40 -38.5	

82 -38 -40 -39	

83 -38 -40 -39	

84 -39 -40 -39.5	

85 -40 -40 -40	

86 -40 -39 -39.5	

87 -40 -39 -39.5	

88 -40 -39 -39.5	

89 -40 -39 -39.5	

90 -40 -38 -39	

91 -40 -38 -39	

92 -39 -38 -38.5	

93 -38 -38 -38	

94 -38 -38 -38	

95 -38 -38 -38	

96 -38 -38 -38
#72_2_1
1 -42 -41 -41.5	

2 -42 -42 -42	

3 -42 -42 -42	

4 -42 -42 -42	

5 -42 -43 -42.5	

6 -42 -43 -42.5	

7 -42 -44 -43	

8 -43 -44 -43.5	

9 -44 -46 -45	

10 -45 -46 -45.5	

11 -45 -47 -46	

12 -45 -47 -46	

13 -46 -48 -47	

14 -47 -49 -48	

15 -48 -49 -48.5	

16 -48 -48 -48	

17 -47 -47 -47	

18 -47 -45 -46	

19 -47 -45 -46	

20 -47 -45 -46	

21 -46 -45 -45.5	

22 -46 -46 -46	

23 -46 -46 -46	

24 -46 -46 -46	

25 -47 -46 -46.5	

26 -47 -47 -47	

27 -47 -48 -47.5	

28 -47 -49 -48	

29 -47 -49 -48	

30 -47 -49 -48	

31 -47 -49 -48	

32 -47 -48 -47.5	

33 -47 -48 -47.5	

34 -47 -48 -47.5	

35 -47 -48 -47.5	

36 -48 -48 -48	

37 -48 -48 -48	

38 -48 -48 -48	

39 -48 -48 -48	

40 -48 -49 -48.5	

41 -50 -49 -49.5	

42 -50 -51 -50.5	

43 -51 -51 -51	

44 -51 -51 -51	

45 -51 -51 -51	

46 -54 -49 -51.5	

47 -51 -48 -49.5	

48 -50 -45 -47.5	

49 -47 -44 -45.5	

50 -45 -42 -43.5	

51 -43 -39 -41	

52 -42 -39 -40.5	

53 -40 -38 -39	

54 -38 -38 -38	

55 -37 -37 -37	

56 -37 -36 -36.5	

57 -37 -37 -37	

58 -36 -36 -36	

59 -35 -36 -35.5	

60 -36 -37 -36.5	

61 -36 -37 -36.5	

62 -36 -39 -37.5	

63 -36 -39 -37.5	

64 -37 -39 -38	

65 -37 -40 -38.5	

66 -37 -42 -39.5	

67 -40 -43 -41.5	

68 -41 -45 -43	

69 -43 -47 -45	

70 -46 -49 -47.5	

71 -51 -53 -52	

72 -52 -57 -54.5	

73 -53 -57 -55	

74 -52 -53 -52.5	

75 -50 -50 -50	

76 -48 -46 -47	

77 -46 -45 -45.5	

78 -44 -43 -43.5	

79 -44 -42 -43	

80 -43 -41 -42	

81 -43 -41 -42	

82 -42 -41 -41.5	

83 -42 -41 -41.5	

84 -42 -41 -41.5	

85 -42 -41 -41.5	

86 -42 -42 -42	

87 -42 -42 -42	

88 -42 -42 -42	

89 -42 -44 -43	

90 -43 -44 -43.5	

91 -43 -44 -43.5	

92 -43 -44 -43.5	

93 -44 -44 -44	

94 -44 -44 -44	

95 -44 -44 -44	

96 -44 -44 -44	
#72_2_2
1 -41 -40 -40.5	

2 -40 -40 -40	

3 -40 -40 -40	

4 -40 -41 -40.5	

5 -41 -42 -41.5	

6 -41 -42 -41.5	

7 -43 -43 -43	

8 -43 -44 -43.5	

9 -43 -46 -44.5	

10 -46 -46 -46	

11 -46 -47 -46.5	

12 -46 -47 -46.5	

13 -46 -47 -46.5	

14 -46 -46 -46	

15 -46 -45 -45.5	

16 -46 -45 -45.5	

17 -46 -44 -45	

18 -45 -44 -44.5	

19 -45 -44 -44.5	

20 -45 -44 -44.5	

21 -45 -44 -44.5	

22 -45 -44 -44.5	

23 -45 -44 -44.5	

24 -45 -44 -44.5	

25 -45 -44 -44.5	

26 -45 -44 -44.5	

27 -45 -44 -44.5	

28 -45 -44 -44.5	

29 -45 -45 -45	

30 -45 -45 -45	

31 -45 -45 -45	

32 -45 -45 -45	

33 -45 -46 -45.5	

34 -46 -46 -46	

35 -46 -47 -46.5	

36 -46 -47 -46.5	

37 -47 -48 -47.5	

38 -48 -49 -48.5	

39 -49 -49 -49	

40 -50 -49 -49.5	

41 -50 -49 -49.5	

42 -50 -49 -49.5	

43 -52 -47 -49.5	

44 -51 -47 -49	

45 -51 -46 -48.5	

46 -49 -44 -46.5	

47 -47 -43 -45	

48 -46 -43 -44.5	

49 -43 -41 -42	

50 -42 -39 -40.5	

51 -38 -37 -37.5	

52 -38 -36 -37	

53 -38 -36 -37	

54 -37 -36 -36.5	

55 -37 -36 -36.5	

56 -36 -35 -35.5	

57 -35 -35 -35	

58 -35 -35 -35	

59 -35 -35 -35	

60 -33 -35 -34	

61 -34 -36 -35	

62 -35 -36 -35.5	

63 -35 -36 -35.5	

64 -36 -38 -37	

65 -36 -39 -37.5	

66 -37 -40 -38.5	

67 -39 -43 -41	

68 -39 -45 -42	

69 -41 -47 -44	

70 -43 -50 -46.5	

71 -44 -52 -48	

72 -48 -52 -50	

73 -48 -51 -49.5	

74 -50 -47 -48.5	

75 -50 -45 -47.5	

76 -47 -43 -45	

77 -45 -42 -43.5	

78 -45 -41 -43	

79 -44 -41 -42.5	

80 -43 -41 -42	

81 -42 -41 -41.5	

82 -42 -41 -41.5	

83 -42 -41 -41.5	

84 -42 -42 -42	

85 -42 -42 -42	

86 -42 -43 -42.5	

87 -43 -43 -43	

88 -45 -45 -45	

89 -45 -46 -45.5	

90 -48 -46 -47	

91 -48 -46 -47	

92 -48 -46 -47	

93 -47 -46 -46.5	

94 -47 -46 -46.5	

95 -46 -46 -46	

96 -46 -46 -46
#72_2_2
1 -40 -41 -40.5	

2 -40 -41 -40.5	

3 -40 -41 -40.5	

4 -40 -41 -40.5	

5 -40 -42 -41	

6 -40 -42 -41	

7 -40 -43 -41.5	

8 -40 -43 -41.5	

9 -40 -43 -41.5	

10 -41 -43 -42	

11 -42 -43 -42.5	

12 -42 -43 -42.5	

13 -42 -43 -42.5	

14 -42 -43 -42.5	

15 -42 -43 -42.5	

16 -42 -43 -42.5	

17 -42 -42 -42	

18 -41 -42 -41.5	

19 -41 -42 -41.5	

20 -41 -42 -41.5	

21 -41 -42 -41.5	

22 -41 -43 -42	

23 -41 -44 -42.5	

24 -41 -44 -42.5	

25 -41 -45 -43	

26 -42 -45 -43.5	

27 -42 -46 -44	

28 -43 -46 -44.5	

29 -43 -46 -44.5	

30 -44 -47 -45.5	

31 -45 -47 -46	

32 -45 -47 -46	

33 -46 -47 -46.5	

34 -47 -47 -47	

35 -47 -47 -47	

36 -47 -47 -47	

37 -47 -47 -47	

38 -47 -47 -47	

39 -48 -47 -47.5	

40 -48 -47 -47.5	

41 -49 -47 -48	

42 -49 -47 -48	

43 -49 -47 -48	

44 -49 -46 -47.5	

45 -49 -45 -47	

46 -48 -44 -46	

47 -46 -43 -44.5	

48 -43 -42 -42.5	

49 -41 -40 -40.5	

50 -40 -38 -39	

51 -37 -37 -37	

52 -36 -36 -36	

53 -35 -34 -34.5	

54 -35 -35 -35	

55 -34 -35 -34.5	

56 -33 -35 -34	

57 -34 -34 -34	

58 -32 -34 -33	

59 -33 -34 -33.5	

60 -33 -34 -33.5	

61 -32 -34 -33	

62 -33 -36 -34.5	

63 -33 -36 -34.5	

64 -34 -38 -36	

65 -35 -40 -37.5	

66 -36 -40 -38	

67 -37 -42 -39.5	

68 -39 -43 -41	

69 -41 -45 -43	

70 -43 -46 -44.5	

71 -44 -46 -45	

72 -46 -46 -46	

73 -46 -45 -45.5	

74 -45 -45 -45	

75 -44 -45 -44.5	

76 -43 -44 -43.5	

77 -42 -44 -43	

78 -42 -44 -43	

79 -40 -44 -42	

80 -40 -44 -42	

81 -40 -44 -42	

82 -40 -44 -42	

83 -41 -44 -42.5	

84 -41 -44 -42.5	

85 -42 -44 -43	

86 -43 -44 -43.5	

87 -43 -44 -43.5	

88 -43 -44 -43.5	

89 -43 -44 -43.5	

90 -44 -44 -44	

91 -44 -44 -44	

92 -44 -44 -44	

93 -44 -44 -44	

94 -44 -44 -44	

95 -44 -44 -44	

96 -44 -44 -44

#72_3_1
1 -46 -57 -51.5	

2 -46 -57 -51.5	

3 -46 -58 -52	

4 -50 -58 -54	

5 -49 -59 -54	

6 -51 -61 -56	

7 -50 -63 -56.5	

8 -51 -65 -58	

9 -53 -62 -57.5	

10 -52 -58 -55	

11 -51 -54 -52.5	

12 -51 -52 -51.5	

13 -49 -50 -49.5	

14 -48 -47 -47.5	

15 -48 -45 -46.5	

16 -47 -45 -46	

17 -47 -45 -46	

18 -46 -46 -46	

19 -46 -46 -46	

20 -46 -46 -46	

21 -47 -46 -46.5	

22 -46 -47 -46.5	

23 -47 -47 -47	

24 -48 -48 -48	

25 -48 -49 -48.5	

26 -48 -50 -49	

27 -49 -50 -49.5	

28 -52 -52 -52	

29 -53 -52 -52.5	

30 -55 -54 -54.5	

31 -57 -55 -56	

32 -58 -56 -57	

33 -58 -58 -58	

34 -61 -58 -59.5	

35 -63 -64 -63.5	

36 -70 -70 -70	

37 -69 -66 -67.5	

38 -62 -61 -61.5	

39 -58 -58 -58	

40 -54 -56 -55	

41 -53 -53 -53	

42 -52 -53 -52.5	

43 -51 -51 -51	

44 -52 -51 -51.5	

45 -52 -49 -50.5	

46 -51 -47 -49	

47 -51 -47 -49	

48 -50 -47 -48.5	

49 -51 -47 -49	

50 -49 -47 -48	

51 -50 -47 -48.5	

52 -50 -47 -48.5	

53 -49 -47 -48	

54 -49 -47 -48	

55 -48 -47 -47.5	

56 -48 -47 -47.5	

57 -47 -48 -47.5	

58 -47 -47 -47	

59 -47 -48 -47.5	

60 -47 -48 -47.5	

61 -47 -48 -47.5	

62 -47 -48 -47.5	

63 -47 -48 -47.5	

64 -47 -48 -47.5	

65 -47 -49 -48	

66 -48 -50 -49	

67 -48 -50 -49	

68 -49 -51 -50	

69 -50 -52 -51	

70 -51 -52 -51.5	

71 -51 -52 -51.5	

72 -51 -52 -51.5	

73 -51 -53 -52	

74 -51 -52 -51.5	

75 -51 -53 -52	

76 -52 -54 -53	

77 -52 -55 -53.5	

78 -53 -56 -54.5	

79 -58 -57 -57.5	

80 -56 -56 -56	

81 -57 -59 -58	

82 -57 -58 -57.5	

83 -57 -56 -56.5	

84 -56 -54 -55	

85 -54 -53 -53.5	

86 -53 -51 -52	

87 -53 -51 -52	

88 -51 -51 -51	

89 -51 -50 -50.5	

90 -51 -53 -52	

91 -52 -54 -53	

92 -52 -55 -53.5	

93 -53 -56 -54.5	

94 -53 -56 -54.5	

95 -55 -56 -55.5	

96 -56 -56 -56	
#72_3_2
1 -55 -58 -56.5	

2 -56 -58 -57	

3 -57 -58 -57.5	

4 -57 -58 -57.5	

5 -60 -60 -60	

6 -60 -61 -60.5	

7 -61 -63 -62	

8 -64 -66 -65	

9 -65 -69 -67	

10 -65 -64 -64.5	

11 -63 -60 -61.5	

12 -60 -58 -59	

13 -58 -54 -56	

14 -55 -51 -53	

15 -52 -47 -49.5	

16 -49 -47 -48	

17 -47 -46 -46.5	

18 -47 -46 -46.5	

19 -45 -46 -45.5	

20 -45 -46 -45.5	

21 -44 -46 -45	

22 -44 -46 -45	

23 -44 -46 -45	

24 -44 -47 -45.5	

25 -45 -48 -46.5	

26 -46 -49 -47.5	

27 -48 -51 -49.5	

28 -48 -54 -51	

29 -51 -58 -54.5	

30 -55 -59 -57	

31 -57 -59 -58	

32 -58 -58 -58	

33 -57 -58 -57.5	

34 -57 -58 -57.5	

35 -57 -60 -58.5	

36 -57 -62 -59.5	

37 -58 -66 -62	

38 -61 -69 -65	

39 -67 -63 -65	

40 -71 -61 -66	

41 -64 -56 -60	

42 -59 -56 -57.5	

43 -57 -54 -55.5	

44 -52 -58 -55	

45 -49 -50 -49.5	

46 -48 -48 -48	

47 -47 -47 -47	

48 -46 -46 -46	

49 -46 -46 -46	

50 -46 -46 -46	

51 -46 -46 -46	

52 -46 -46 -46	

53 -46 -46 -46	

54 -46 -47 -46.5	

55 -46 -47 -46.5	

56 -46 -47 -46.5	

57 -45 -47 -46	

58 -45 -48 -46.5	

59 -45 -48 -46.5	

60 -45 -49 -47	

61 -45 -49 -47	

62 -45 -50 -47.5	

63 -46 -50 -48	

64 -46 -51 -48.5	

65 -46 -52 -49	

66 -47 -52 -49.5	

67 -48 -53 -50.5	

68 -51 -54 -52.5	

69 -52 -55 -53.5	

70 -54 -55 -54.5	

71 -54 -54 -54	

72 -55 -54 -54.5	

73 -56 -54 -55	

74 -56 -54 -55	

75 -55 -55 -55	

76 -55 -57 -56	

77 -53 -55 -54	

78 -53 -58 -55.5	

79 -53 -58 -55.5	

80 -55 -58 -56.5	

81 -57 -59 -58	

82 -57 -59 -58	

83 -57 -57 -57	

84 -57 -56 -56.5	

85 -55 -54 -54.5	

86 -54 -51 -52.5	

87 -52 -51 -51.5	

88 -51 -51 -51	

89 -51 -51 -51	

90 -51 -51 -51	

91 -51 -52 -51.5	

92 -51 -52 -51.5	

93 -51 -53 -52	

94 -52 -54 -53	

95 -53 -54 -53.5	

96 -54 -54 -54
#72_4_1
1 -59 -64 -61.5	

2 -70 -64 -67	

3 -75 -64 -69.5	

4 -73 -64 -68.5	

5 -71 -66 -68.5	

6 -69 -68 -68.5	

7 -67 -71 -69	

8 -69 -72 -70.5	

9 -65 -69 -67	

10 -66 -62 -64	

11 -61 -59 -60	

12 -59 -56 -57.5	

13 -57 -53 -55	

14 -55 -51 -53	

15 -51 -47 -49	

16 -51 -46 -48.5	

17 -49 -45 -47	

18 -47 -45 -46	

19 -48 -45 -46.5	

20 -45 -47 -46	

21 -45 -44 -44.5	

22 -45 -44 -44.5	

23 -45 -44 -44.5	

24 -45 -47 -46	

25 -45 -48 -46.5	

26 -46 -50 -48	

27 -47 -51 -49	

28 -50 -55 -52.5	

29 -54 -61 -57.5	

30 -58 -67 -62.5	

31 -61 -66 -63.5	

32 -69 -62 -65.5	

33 -64 -61 -62.5	

34 -62 -61 -61.5	

35 -61 -61 -61	

36 -61 -62 -61.5	

37 -60 -64 -62	

38 -61 -70 -65.5	

39 -65 -69 -67	

40 -74 -64 -69	

41 -69 -57 -63	

42 -61 -56 -58.5	

43 -58 -53 -55.5	

44 -56 -51 -53.5	

45 -52 -49 -50.5	

46 -50 -49 -49.5	

47 -49 -47 -48	

48 -49 -47 -48	

49 -49 -47 -48	

50 -48 -47 -47.5	

51 -48 -48 -48	

52 -48 -47 -47.5	

53 -47 -47 -47	

54 -47 -47 -47	

55 -47 -47 -47	

56 -47 -47 -47	

57 -47 -47 -47	

58 -47 -47 -47	

59 -47 -47 -47	

60 -47 -47 -47	

61 -49 -47 -48	

62 -48 -51 -49.5	

63 -48 -49 -48.5	

64 -48 -50 -49	

65 -48 -51 -49.5	

66 -48 -51 -49.5	

67 -50 -51 -50.5	

68 -54 -56 -55	

69 -54 -57 -55.5	

70 -56 -57 -56.5	

71 -58 -56 -57	

72 -60 -56 -58	

73 -60 -56 -58	

74 -60 -56 -58	

75 -59 -55 -57	

76 -58 -54 -56	

77 -57 -55 -56	

78 -57 -56 -56.5	

79 -57 -56 -56.5	

80 -57 -56 -56.5	

81 -57 -57 -57	

82 -55 -58 -56.5	

83 -56 -60 -58	

84 -57 -63 -60	

85 -59 -67 -63	

86 -62 -71 -66.5	

87 -62 -70 -66	

88 -61 -68 -64.5	

89 -64 -66 -65	

90 -61 -66 -63.5	

91 -63 -66 -64.5	

92 -66 -66 -66	

93 -66 -62 -64	

94 -65 -60 -62.5	

95 -61 -59 -60	

96 -61 -61 -61	
#72_4_2
1 -65 -63 -64	

2 -65 -62 -63.5	

3 -64 -62 -63	

4 -63 -62 -62.5	

5 -63 -63 -63	

6 -68 -64 -66	

7 -63 -65 -64	

8 -69 -66 -67.5	

9 -64 -66 -65	

10 -65 -63 -64	

11 -63 -60 -61.5	

12 -60 -58 -59	

13 -58 -54 -56	

14 -56 -51 -53.5	

15 -52 -48 -50	

16 -50 -47 -48.5	

17 -50 -47 -48.5	

18 -49 -47 -48	

19 -48 -47 -47.5	

20 -48 -47 -47.5	

21 -47 -47 -47	

22 -47 -48 -47.5	

23 -47 -49 -48	

24 -47 -49 -48	

25 -47 -51 -49	

26 -48 -54 -51	

27 -52 -57 -54.5	

28 -55 -60 -57.5	

29 -56 -61 -58.5	

30 -58 -61 -59.5	

31 -59 -61 -60	

32 -59 -61 -60	

33 -60 -61 -60.5	

34 -60 -62 -61	

35 -60 -65 -62.5	

36 -61 -70 -65.5	

37 -65 -71 -68	

38 -70 -66 -68	

39 -72 -61 -66.5	

40 -65 -60 -62.5	

41 -62 -57 -59.5	

42 -60 -56 -58	

43 -58 -55 -56.5	

44 -56 -53 -54.5	

45 -53 -52 -52.5	

46 -52 -50 -51	

47 -51 -50 -50.5	

48 -51 -48 -49.5	

49 -50 -47 -48.5	

50 -50 -47 -48.5	

51 -50 -47 -48.5	

52 -49 -47 -48	

53 -48 -47 -47.5	

54 -48 -47 -47.5	

55 -48 -47 -47.5	

56 -47 -47 -47	

57 -46 -47 -46.5	

58 -46 -47 -46.5	

59 -45 -47 -46	

60 -45 -47 -46	

61 -45 -47 -46	

62 -45 -47 -46	

63 -45 -47 -46	

64 -45 -48 -46.5	

65 -46 -49 -47.5	

66 -46 -51 -48.5	

67 -47 -55 -51	

68 -47 -51 -49	

69 -49 -52 -50.5	

70 -51 -55 -53	

71 -54 -55 -54.5	

72 -54 -55 -54.5	

73 -55 -55 -55	

74 -55 -55 -55	

75 -56 -55 -55.5	

76 -56 -55 -55.5	

77 -57 -54 -55.5	

78 -56 -54 -55	

79 -55 -53 -54	

80 -56 -53 -54.5	

81 -56 -53 -54.5	

82 -53 -53 -53	

83 -53 -55 -54	

84 -52 -52 -52	

85 -51 -52 -51.5	

86 -51 -52 -51.5	

87 -51 -52 -51.5	

88 -51 -52 -51.5	

89 -51 -52 -51.5	

90 -52 -52 -52	

91 -52 -52 -52	

92 -52 -52 -52	

93 -51 -51 -51	

94 -51 -51 -51	

95 -51 -51 -51	

96 -51 -51 -51
#72_5_1
1 -59 -62 -60.5	

2 -60 -62 -61	

3 -61 -62 -61.5	

4 -61 -62 -61.5	

5 -61 -62 -61.5	

6 -62 -62 -62	

7 -62 -62 -62	

8 -62 -62 -62	

9 -62 -61 -61.5	

10 -61 -58 -59.5	

11 -59 -56 -57.5	

12 -58 -55 -56.5	

13 -57 -54 -55.5	

14 -56 -51 -53.5	

15 -52 -49 -50.5	

16 -52 -48 -50	

17 -51 -48 -49.5	

18 -51 -49 -50	

19 -50 -49 -49.5	

20 -49 -49 -49	

21 -50 -49 -49.5	

22 -49 -50 -49.5	

23 -50 -52 -51	

24 -51 -54 -52.5	

25 -53 -56 -54.5	

26 -55 -58 -56.5	

27 -57 -58 -57.5	

28 -60 -64 -62	

29 -69 -71 -70	

30 -72 -67 -69.5	

31 -69 -65 -67	

32 -65 -64 -64.5	

33 -64 -65 -64.5	

34 -64 -65 -64.5	

35 -64 -62 -63	

36 -64 -60 -62	

37 -61 -60 -60.5	

38 -61 -57 -59	

39 -59 -56 -57.5	

40 -57 -55 -56	

41 -57 -54 -55.5	

42 -57 -54 -55.5	

43 -54 -53 -53.5	

44 -53 -52 -52.5	

45 -53 -52 -52.5	

46 -52 -50 -51	

47 -52 -50 -51	

48 -51 -51 -51	

49 -52 -50 -51	

50 -52 -50 -51	

51 -52 -51 -51.5	

52 -52 -52 -52	

53 -53 -52 -52.5	

54 -56 -54 -55	

55 -55 -53 -54	

56 -55 -57 -56	

57 -56 -57 -56.5	

58 -56 -55 -55.5	

59 -55 -58 -56.5	

60 -56 -57 -56.5	

61 -56 -59 -57.5	

62 -54 -59 -56.5	

63 -56 -59 -57.5	

64 -57 -60 -58.5	

65 -57 -60 -58.5	

66 -58 -60 -59	

67 -58 -61 -59.5	

68 -59 -61 -60	

69 -60 -63 -61.5	

70 -60 -64 -62	

71 -62 -64 -63	

72 -62 -64 -63	

73 -62 -63 -62.5	

74 -63 -63 -63	

75 -63 -61 -62	

76 -63 -61 -62	

77 -63 -61 -62	

78 -62 -59 -60.5	

79 -61 -59 -60	

80 -62 -59 -60.5	

81 -60 -59 -59.5	

82 -60 -57 -58.5	

83 -60 -57 -58.5	

84 -60 -56 -58	

85 -59 -56 -57.5	

86 -59 -56 -57.5	

87 -58 -56 -57	

88 -57 -56 -56.5	

89 -57 -56 -56.5	

90 -56 -56 -56	

91 -56 -56 -56	

92 -55 -56 -55.5	

93 -55 -56 -55.5	

94 -56 -56 -56	

95 -56 -56 -56	

96 -56 -56 -56
#72_5_2
1 -59 -52 -55.5	

2 -60 -52 -56	

3 -61 -52 -56.5	

4 -62 -52 -57	

5 -63 -52 -57.5	

6 -65 -52 -58.5	

7 -64 -52 -58	

8 -66 -52 -59	

9 -64 -52 -58	

10 -61 -53 -57	

11 -59 -53 -56	

12 -58 -53 -55.5	

13 -56 -51 -53.5	

14 -53 -50 -51.5	

15 -52 -50 -51	

16 -51 -49 -50	

17 -50 -49 -49.5	

18 -49 -49 -49	

19 -48 -49 -48.5	

20 -48 -49 -48.5	

21 -48 -49 -48.5	

22 -48 -49 -48.5	

23 -48 -50 -49	

24 -48 -52 -50	

25 -49 -53 -51	

26 -53 -59 -56	

27 -55 -60 -57.5	

28 -57 -67 -62	

29 -60 -68 -64	

30 -65 -65 -65	

31 -67 -63 -65	

32 -66 -62 -64	

33 -63 -62 -62.5	

34 -62 -62 -62	

35 -62 -64 -63	

36 -63 -59 -61	

37 -64 -60 -62	

38 -63 -57 -60	

39 -61 -56 -58.5	

40 -59 -55 -57	

41 -58 -53 -55.5	

42 -57 -52 -54.5	

43 -54 -50 -52	

44 -53 -50 -51.5	

45 -53 -50 -51.5	

46 -52 -50 -51	

47 -52 -50 -51	

48 -51 -50 -50.5	

49 -51 -50 -50.5	

50 -51 -50 -50.5	

51 -51 -51 -51	

52 -51 -51 -51	

53 -51 -52 -51.5	

54 -53 -54 -53.5	

55 -53 -55 -54	

56 -52 -56 -54	

57 -55 -56 -55.5	

58 -53 -56 -54.5	

59 -53 -56 -54.5	

60 -53 -57 -55	

61 -53 -58 -55.5	

62 -53 -58 -55.5	

63 -54 -59 -56.5	

64 -54 -59 -56.5	

65 -55 -59 -57	

66 -57 -60 -58.5	

67 -57 -61 -59	

68 -61 -61 -61	

69 -60 -63 -61.5	

70 -60 -63 -61.5	

71 -60 -63 -61.5	

72 -65 -63 -64	

73 -63 -63 -63	

74 -64 -64 -64	

75 -64 -63 -63.5	

76 -64 -63 -63.5	

77 -64 -64 -64	

78 -64 -61 -62.5	

79 -62 -60 -61	

80 -62 -60 -61	

81 -62 -59 -60.5	

82 -61 -57 -59	

83 -61 -58 -59.5	

84 -60 -57 -58.5	

85 -59 -57 -58	

86 -59 -57 -58	

87 -58 -57 -57.5	

88 -55 -57 -56	

89 -55 -57 -56	

90 -55 -58 -56.5	

91 -56 -59 -57.5	

92 -55 -57 -56	

93 -55 -57 -56	

94 -55 -60 -57.5	

95 -55 -62 -58.5	

96 -58 -58 -58	

#72_6_1

1 -59 -63 -61	

2 -59 -66 -62.5	

3 -59 -65 -62	

4 -59 -66 -62.5	

5 -61 -67 -64	

6 -65 -68 -66.5	

7 -67 -68 -67.5	

8 -66 -70 -68	

9 -65 -65 -65	

10 -62 -62 -62	

11 -60 -59 -59.5	

12 -59 -57 -58	

13 -58 -57 -57.5	

14 -56 -55 -55.5	

15 -54 -55 -54.5	

16 -53 -55 -54	

17 -53 -54 -53.5	

18 -53 -54 -53.5	

19 -56 -56 -56	

20 -55 -57 -56	

21 -58 -57 -57.5	

22 -58 -58 -58	

23 -58 -59 -58.5	

24 -58 -59 -58.5	

25 -60 -63 -61.5	

26 -61 -67 -64	

27 -65 -67 -66	

28 -67 -72 -69.5	

29 -73 -74 -73.5	

30 -76 -71 -73.5	

31 -74 -68 -71	

32 -73 -67 -70	

33 -71 -67 -69	

34 -71 -66 -68.5	

35 -71 -66 -68.5	

36 -69 -64 -66.5	

37 -67 -62 -64.5	

38 -65 -60 -62.5	

39 -62 -59 -60.5	

40 -62 -59 -60.5	

41 -61 -58 -59.5	

42 -61 -58 -59.5	

43 -58 -58 -58	

44 -58 -58 -58	

45 -58 -58 -58	

46 -57 -56 -56.5	

47 -57 -56 -56.5	

48 -59 -55 -57	

49 -60 -55 -57.5	

50 -59 -54 -56.5	

51 -59 -54 -56.5	

52 -58 -56 -57	

53 -58 -56 -57	

54 -57 -55 -56	

55 -54 -56 -55	

56 -53 -54 -53.5	

57 -53 -54 -53.5	

58 -52 -54 -53	

59 -52 -54 -53	

60 -52 -54 -53	

61 -53 -55 -54	

62 -53 -55 -54	

63 -54 -56 -55	

64 -54 -56 -55	

65 -54 -56 -55	

66 -55 -56 -55.5	

67 -56 -56 -56	

68 -57 -56 -56.5	

69 -57 -57 -57	

70 -58 -57 -57.5	

71 -58 -56 -57	

72 -59 -56 -57.5	

73 -59 -55 -57	

74 -59 -55 -57	

75 -58 -55 -56.5	

76 -57 -54 -55.5	

77 -57 -54 -55.5	

78 -57 -54 -55.5	

79 -56 -54 -55	

80 -55 -53 -54	

81 -54 -52 -53	

82 -52 -54 -53	

83 -51 -54 -52.5	

84 -52 -54 -53	

85 -52 -54 -53	

86 -52 -54 -53	

87 -52 -54 -53	

88 -54 -54 -54	

89 -55 -54 -54.5	

90 -55 -54 -54.5	

91 -55 -54 -54.5	

92 -54 -54 -54	

93 -54 -53 -53.5	

94 -54 -53 -53.5	

95 -54 -54 -54	

96 -54 -54 -54	

#72_6_2
1 -58 -64 -61	

2 -62 -67 -64.5	

3 -62 -66 -64	

4 -62 -67 -64.5	

5 -64 -67 -65.5	

6 -65 -67 -66	

7 -67 -66 -66.5	

8 -66 -64 -65	

9 -63 -61 -62	

10 -62 -58 -60	

11 -60 -57 -58.5	

12 -59 -56 -57.5	

13 -59 -56 -57.5	

14 -57 -55 -56	

15 -55 -54 -54.5	

16 -54 -55 -54.5	

17 -54 -55 -54.5	

18 -54 -55 -54.5	

19 -54 -56 -55	

20 -54 -57 -55.5	

21 -56 -57 -56.5	

22 -56 -57 -56.5	

23 -58 -60 -59	

24 -59 -61 -60	

25 -60 -62 -61	

26 -61 -64 -62.5	

27 -65 -67 -66	

28 -67 -68 -67.5	

29 -71 -70 -70.5	

30 -72 -67 -69.5	

31 -72 -67 -69.5	

32 -70 -66 -68	

33 -68 -65 -66.5	

34 -67 -65 -66	

35 -67 -64 -65.5	

36 -65 -63 -64	

37 -63 -63 -63	

38 -63 -61 -62	

39 -62 -60 -61	

40 -61 -59 -60	

41 -61 -59 -60	

42 -60 -59 -59.5	

43 -59 -59 -59	

44 -59 -58 -58.5	

45 -59 -58 -58.5	

46 -59 -58 -58.5	

47 -59 -58 -58.5	

48 -59 -58 -58.5	

49 -59 -58 -58.5	

50 -59 -58 -58.5	

51 -59 -58 -58.5	

52 -59 -58 -58.5	

53 -58 -58 -58	

54 -58 -57 -57.5	

55 -58 -57 -57.5	

56 -56 -56 -56	

57 -57 -56 -56.5	

58 -57 -56 -56.5	

59 -57 -56 -56.5	

60 -57 -56 -56.5	

61 -57 -56 -56.5	

62 -57 -56 -56.5	

63 -57 -56 -56.5	

64 -57 -56 -56.5	

65 -57 -56 -56.5	

66 -57 -56 -56.5	

67 -57 -56 -56.5	

68 -57 -56 -56.5	

69 -57 -56 -56.5	

70 -57 -56 -56.5	

71 -58 -57 -57.5	

72 -58 -57 -57.5	

73 -58 -57 -57.5	

74 -58 -57 -57.5	

75 -59 -57 -58	

76 -57 -56 -56.5	

77 -57 -56 -56.5	

78 -57 -58 -57.5	

79 -55 -55 -55	

80 -54 -54 -54	

81 -54 -54 -54	

82 -54 -54 -54	

83 -54 -54 -54	

84 -53 -54 -53.5	

85 -53 -54 -53.5	

86 -54 -54 -54	

87 -54 -56 -55	

88 -54 -56 -55	

89 -54 -56 -55	

90 -55 -56 -55.5	

91 -55 -56 -55.5	

92 -55 -56 -55.5	

93 -56 -56 -56	

94 -56 -56 -56	

95 -56 -56 -56	

96 -56 -56 -56
#72_7_1

1 -57 -65 -61	

2 -57 -67 -62	

3 -61 -68 -64.5	

4 -63 -68 -65.5	

5 -62 -75 -68.5	

6 -69 -76 -72.5	

7 -73 -76 -74.5	

8 -68 -76 -72	

9 -71 -75 -73	

10 -72 -72 -72	

11 -69 -70 -69.5	

12 -68 -67 -67.5	

13 -67 -64 -65.5	

14 -63 -62 -62.5	

15 -63 -61 -62	

16 -63 -60 -61.5	

17 -61 -60 -60.5	

18 -60 -59 -59.5	

19 -60 -61 -60.5	

20 -59 -63 -61	

21 -59 -63 -61	

22 -59 -68 -63.5	

23 -59 -70 -64.5	

24 -62 -70 -66	

25 -66 -66 -66	

26 -68 -61 -64.5	

27 -70 -60 -65	

28 -68 -59 -63.5	

29 -65 -59 -62	

30 -64 -59 -61.5	

31 -63 -58 -60.5	

32 -61 -58 -59.5	

33 -58 -59 -58.5	

34 -63 -59 -61	

35 -62 -59 -60.5	

36 -62 -63 -62.5	

37 -61 -66 -63.5	

38 -60 -69 -64.5	

39 -64 -70 -67	

40 -64 -72 -68	

41 -67 -71 -69	

42 -65 -75 -70	

43 -64 -74 -69	

44 -67 -70 -68.5	

45 -66 -65 -65.5	

46 -67 -64 -65.5	

47 -67 -64 -65.5	

48 -65 -61 -63	

49 -63 -60 -61.5	

50 -62 -58 -60	

51 -60 -57 -58.5	

52 -58 -56 -57	

53 -58 -55 -56.5	

54 -55 -55 -55	

55 -52 -55 -53.5	

56 -51 -53 -52	

57 -51 -51 -51	

58 -50 -50 -50	

59 -50 -50 -50	

60 -50 -51 -50.5	

61 -50 -52 -51	

62 -50 -51 -50.5	

63 -50 -51 -50.5	

64 -50 -51 -50.5	

65 -50 -51 -50.5	

66 -50 -51 -50.5	

67 -50 -51 -50.5	

68 -50 -51 -50.5	

69 -50 -52 -51	

70 -51 -52 -51.5	

71 -52 -52 -52	

72 -51 -52 -51.5	

73 -52 -53 -52.5	

74 -53 -53 -53	

75 -53 -54 -53.5	

76 -54 -55 -54.5	

77 -54 -56 -55	

78 -54 -56 -55	

79 -55 -57 -56	

80 -56 -58 -57	

81 -56 -59 -57.5	

82 -56 -60 -58	

83 -56 -60 -58	

84 -57 -60 -58.5	

85 -58 -60 -59	

86 -58 -60 -59	

87 -58 -59 -58.5	

88 -59 -59 -59	

89 -59 -59 -59	

90 -59 -59 -59	

91 -59 -59 -59	

92 -59 -59 -59	

93 -59 -60 -59.5	

94 -57 -60 -58.5	

95 -58 -60 -59	

96 -60 -60 -60	

#72_7_2

1 -57 -65 -61	

2 -57 -67 -62	

3 -61 -68 -64.5	

4 -63 -68 -65.5	

5 -62 -75 -68.5	

6 -69 -76 -72.5	

7 -73 -76 -74.5	

8 -68 -76 -72	

9 -71 -75 -73	

10 -72 -72 -72	

11 -69 -70 -69.5	

12 -68 -67 -67.5	

13 -67 -64 -65.5	

14 -63 -62 -62.5	

15 -63 -61 -62	

16 -63 -60 -61.5	

17 -61 -60 -60.5	

18 -60 -59 -59.5	

19 -60 -61 -60.5	

20 -59 -63 -61	

21 -59 -63 -61	

22 -59 -68 -63.5	

23 -59 -70 -64.5	

24 -62 -70 -66	

25 -66 -66 -66	

26 -68 -61 -64.5	

27 -70 -60 -65	

28 -68 -59 -63.5	

29 -65 -59 -62	

30 -64 -59 -61.5	

31 -63 -58 -60.5	

32 -61 -58 -59.5	

33 -58 -59 -58.5	

34 -63 -59 -61	

35 -62 -59 -60.5	

36 -62 -63 -62.5	

37 -61 -66 -63.5	

38 -60 -69 -64.5	

39 -64 -70 -67	

40 -64 -72 -68	

41 -67 -71 -69	

42 -65 -75 -70	

43 -64 -74 -69	

44 -67 -70 -68.5	

45 -66 -65 -65.5	

46 -67 -64 -65.5	

47 -67 -64 -65.5	

48 -65 -61 -63	

49 -63 -60 -61.5	

50 -62 -58 -60	

51 -60 -57 -58.5	

52 -58 -56 -57	

53 -58 -55 -56.5	

54 -55 -55 -55	

55 -52 -55 -53.5	

56 -51 -53 -52	

57 -51 -51 -51	

58 -50 -50 -50	

59 -50 -50 -50	

60 -50 -51 -50.5	

61 -50 -52 -51	

62 -50 -51 -50.5	

63 -50 -51 -50.5	

64 -50 -51 -50.5	

65 -50 -51 -50.5	

66 -50 -51 -50.5	

67 -50 -51 -50.5	

68 -50 -51 -50.5	

69 -50 -52 -51	

70 -51 -52 -51.5	

71 -52 -52 -52	

72 -51 -52 -51.5	

73 -52 -53 -52.5	

74 -53 -53 -53	

75 -53 -54 -53.5	

76 -54 -55 -54.5	

77 -54 -56 -55	

78 -54 -56 -55	

79 -55 -57 -56	

80 -56 -58 -57	

81 -56 -59 -57.5	

82 -56 -60 -58	

83 -56 -60 -58	

84 -57 -60 -58.5	

85 -58 -60 -59	

86 -58 -60 -59	

87 -58 -59 -58.5	

88 -59 -59 -59	

89 -59 -59 -59	

90 -59 -59 -59	

91 -59 -59 -59	

92 -59 -59 -59	

93 -59 -60 -59.5	

94 -57 -60 -58.5	

95 -58 -60 -59	

96 -60 -60 -60	

#72_8_1
1 -61 -59 -60	

2 -63 -59 -61	

3 -63 -59 -61	

4 -61 -59 -60	

5 -61 -59 -60	

6 -61 -59 -60	

7 -60 -59 -59.5	

8 -60 -59 -59.5	

9 -60 -59 -59.5	

10 -60 -59 -59.5	

11 -60 -59 -59.5	

12 -60 -59 -59.5	

13 -60 -59 -59.5	

14 -60 -59 -59.5	

15 -60 -55 -57.5	

16 -60 -55 -57.5	

17 -60 -54 -57	

18 -60 -55 -57.5	

19 -60 -56 -58	

20 -60 -57 -58.5	

21 -60 -58 -59	

22 -60 -58 -59	

23 -60 -61 -60.5	

24 -60 -62 -61	

25 -60 -64 -62	

26 -60 -70 -65	

27 -60 -71 -65.5	

28 -60 -70 -65	

29 -60 -66 -63	

30 -60 -64 -62	

31 -60 -64 -62	

32 -60 -64 -62	

33 -60 -65 -62.5	

34 -60 -66 -63	

35 -60 -69 -64.5	

36 -60 -73 -66.5	

37 -60 -74 -67	

38 -60 -69 -64.5	

39 -60 -66 -63	

40 -60 -63 -61.5	

41 -60 -61 -60.5	

42 -60 -61 -60.5	

43 -60 -61 -60.5	

44 -60 -59 -59.5	

45 -60 -59 -59.5	

46 -60 -59 -59.5	

47 -60 -59 -59.5	

48 -60 -59 -59.5	

49 -60 -59 -59.5	

50 -60 -59 -59.5	

51 -60 -59 -59.5	

52 -60 -59 -59.5	

53 -61 -59 -60	

54 -61 -59 -60	

55 -61 -59 -60	

56 -61 -60 -60.5	

57 -61 -60 -60.5	

58 -61 -61 -61	

59 -61 -62 -61.5	

60 -61 -63 -62	

61 -61 -64 -62.5	

62 -61 -66 -63.5	

63 -61 -68 -64.5	

64 -61 -71 -66	

65 -61 -72 -66.5	

66 -61 -70 -65.5	

67 -62 -70 -66	

68 -61 -71 -66	

69 -61 -71 -66	

70 -61 -67 -64	

71 -61 -66 -63.5	

72 -61 -66 -63.5	

73 -61 -64 -62.5	

74 -61 -64 -62.5	

75 -61 -63 -62	

76 -61 -63 -62	

77 -61 -63 -62	

78 -61 -63 -62	

79 -61 -64 -62.5	

80 -61 -64 -62.5	

81 -61 -63 -62	

82 -61 -64 -62.5	

83 -61 -64 -62.5	

84 -61 -65 -63	

85 -61 -65 -63	

86 -61 -65 -63	

87 -61 -65 -63	

88 -63 -65 -64	

89 -64 -65 -64.5	

90 -64 -65 -64.5	

91 -64 -65 -64.5	

92 -65 -65 -65	

93 -65 -65 -65	

94 -65 -67 -66	

95 -65 -67 -66	

96 -66 -66 -66	
#72_8_2
1 -60 -62 -61	

2 -62 -62 -62	

3 -61 -62 -61.5	

4 -61 -62 -61.5	

5 -61 -62 -61.5	

6 -61 -62 -61.5	

7 -61 -62 -61.5	

8 -61 -62 -61.5	

9 -61 -62 -61.5	

10 -61 -62 -61.5	

11 -61 -62 -61.5	

12 -61 -62 -61.5	

13 -61 -62 -61.5	

14 -61 -62 -61.5	

15 -61 -62 -61.5	

16 -61 -62 -61.5	

17 -61 -62 -61.5	

18 -62 -62 -62	

19 -62 -62 -62	

20 -62 -62 -62	

21 -62 -62 -62	

22 -62 -62 -62	

23 -62 -62 -62	

24 -62 -62 -62	

25 -62 -62 -62	

26 -62 -62 -62	

27 -62 -62 -62	

28 -62 -63 -62.5	

29 -62 -63 -62.5	

30 -62 -63 -62.5	

31 -62 -63 -62.5	

32 -62 -63 -62.5	

33 -62 -63 -62.5	

34 -62 -63 -62.5	

35 -64 -62 -63	

36 -63 -62 -62.5	

37 -63 -62 -62.5	

38 -63 -62 -62.5	

39 -62 -62 -62	

40 -62 -62 -62	

41 -62 -62 -62	

42 -62 -62 -62	

43 -62 -62 -62	

44 -62 -62 -62	

45 -62 -62 -62	

46 -62 -61 -61.5	

47 -62 -61 -61.5	

48 -62 -61 -61.5	

49 -62 -61 -61.5	

50 -62 -61 -61.5	

51 -63 -61 -62	

52 -63 -61 -62	

53 -63 -61 -62	

54 -63 -61 -62	

55 -62 -61 -61.5	

56 -62 -62 -62	

57 -62 -62 -62	

58 -62 -62 -62	

59 -62 -62 -62	

60 -62 -62 -62	

61 -62 -62 -62	

62 -62 -62 -62	

63 -62 -62 -62	

64 -62 -62 -62	

65 -62 -62 -62	

66 -62 -62 -62	

67 -62 -62 -62	

68 -62 -62 -62	

69 -62 -62 -62	

70 -62 -62 -62	

71 -62 -62 -62	

72 -62 -63 -62.5	

73 -62 -63 -62.5	

74 -62 -64 -63	

75 -62 -64 -63	

76 -62 -64 -63	

77 -62 -64 -63	

78 -62 -62 -62	

79 -62 -60 -61	

80 -63 -63 -63	

81 -63 -62 -62.5	

82 -63 -62 -62.5	

83 -63 -62 -62.5	

84 -62 -63 -62.5	

85 -62 -63 -62.5	

86 -62 -61 -61.5	

87 -62 -62 -62	

88 -62 -62 -62	

89 -62 -62 -62	

90 -62 -62 -62	

91 -62 -62 -62	

92 -62 -62 -62	

93 -62 -62 -62	

94 -62 -62 -62	

95 -62 -62 -62	

96 -62 -62 -62

#72_8_2
1 -68 -69 -68.5	

2 -76 -71 -73.5	

3 -75 -74 -74.5	

4 -76 -75 -75.5	

5 -74 -75 -74.5	

6 -72 -69 -70.5	

7 -70 -64 -67	

8 -68 -62 -65	

9 -66 -62 -64	

10 -65 -60 -62.5	

11 -64 -59 -61.5	

12 -63 -57 -60	

13 -62 -57 -59.5	

14 -61 -56 -58.5	

15 -60 -55 -57.5	

16 -57 -56 -56.5	

17 -57 -57 -57	

18 -56 -57 -56.5	

19 -56 -57 -56.5	

20 -56 -58 -57	

21 -56 -58 -57	

22 -56 -59 -57.5	

23 -56 -61 -58.5	

24 -57 -62 -59.5	

25 -58 -64 -61	

26 -58 -64 -61	

27 -59 -65 -62	

28 -61 -63 -62	

29 -60 -62 -61	

30 -60 -62 -61	

31 -60 -61 -60.5	

32 -60 -59 -59.5	

33 -60 -59 -59.5	

34 -59 -59 -59	

35 -59 -58 -58.5	

36 -58 -58 -58	

37 -58 -58 -58	

38 -58 -58 -58	

39 -58 -59 -58.5	

40 -58 -60 -59	

41 -58 -60 -59	

42 -58 -62 -60	

43 -59 -63 -61	

44 -59 -62 -60.5	

45 -60 -62 -61	

46 -60 -61 -60.5	

47 -60 -61 -60.5	

48 -60 -61 -60.5	

49 -60 -60 -60	

50 -60 -59 -59.5	

51 -59 -57 -58	

52 -59 -57 -58	

53 -59 -58 -58.5	

54 -59 -59 -59	

55 -59 -59 -59	

56 -58 -60 -59	

57 -58 -61 -59.5	

58 -58 -62 -60	

59 -58 -63 -60.5	

60 -58 -63 -60.5	

61 -58 -63 -60.5	

62 -58 -63 -60.5	

63 -58 -66 -62	

64 -58 -67 -62.5	

65 -58 -69 -63.5	

66 -58 -71 -64.5	

67 -58 -72 -65	

68 -60 -74 -67	

69 -60 -72 -66	

70 -60 -69 -64.5	

71 -61 -68 -64.5	

72 -62 -67 -64.5	

73 -64 -68 -66	

74 -65 -68 -66.5	

75 -65 -69 -67	

76 -67 -69 -68	

77 -67 -69 -68	

78 -67 -70 -68.5	

79 -67 -70 -68.5	

80 -66 -71 -68.5	

81 -67 -71 -69	

82 -67 -69 -68	

83 -67 -67 -67	

84 -65 -65 -65	

85 -64 -63 -63.5	

86 -64 -63 -63.5	

87 -64 -61 -62.5	

88 -64 -61 -62.5	

89 -65 -60 -62.5	

90 -65 -61 -63	

91 -65 -61 -63	

92 -65 -61 -63	

93 -65 -61 -63	

94 -61 -61 -61	

95 -60 -61 -60.5	

96 -60 -60 -60	

#72_9_1
1 -69 -70 -69.5	

2 -70 -69 -69.5	

3 -70 -69 -69.5	

4 -74 -69 -71.5	

5 -74 -71 -72.5	

6 -73 -70 -71.5	

7 -71 -71 -71	

8 -71 -70 -70.5	

9 -70 -70 -70	

10 -68 -71 -69.5	

11 -67 -71 -69	

12 -65 -69 -67	

13 -65 -68 -66.5	

14 -65 -68 -66.5	

15 -65 -66 -65.5	

16 -66 -66 -66	

17 -66 -66 -66	

18 -66 -66 -66	

19 -66 -67 -66.5	

20 -67 -68 -67.5	

21 -69 -70 -69.5	

22 -70 -71 -70.5	

23 -74 -71 -72.5	

24 -78 -71 -74.5	

25 -79 -71 -75	

26 -77 -68 -72.5	

27 -73 -68 -70.5	

28 -73 -65 -69	

29 -77 -65 -71	

30 -74 -65 -69.5	

31 -72 -65 -68.5	

32 -72 -67 -69.5	

33 -70 -68 -69	

34 -70 -67 -68.5	

35 -70 -70 -70	

36 -70 -70 -70	

37 -72 -69 -70.5	

38 -71 -74 -72.5	

39 -71 -77 -74	

40 -72 -72 -72	

41 -75 -70 -72.5	

42 -76 -67 -71.5	

43 -75 -65 -70	

44 -74 -63 -68.5	

45 -72 -64 -68	

46 -70 -65 -67.5	

47 -69 -65 -67	

48 -68 -64 -66	

49 -65 -63 -64	

50 -65 -63 -64	

51 -65 -63 -64	

52 -63 -64 -63.5	

53 -65 -63 -64	

54 -65 -66 -65.5	

55 -66 -66 -66	

56 -68 -66 -67	

57 -63 -66 -64.5	

58 -64 -66 -65	

59 -65 -68 -66.5	

60 -68 -66 -67	

61 -66 -65 -65.5	

62 -67 -65 -66	

63 -69 -63 -66	

64 -69 -63 -66	

65 -67 -63 -65	

66 -67 -64 -65.5	

67 -66 -64 -65	

68 -65 -63 -64	

69 -67 -62 -64.5	

70 -64 -63 -63.5	

71 -65 -63 -64	

72 -66 -62 -64	

73 -65 -62 -63.5	

74 -65 -62 -63.5	

75 -66 -62 -64	

76 -65 -62 -63.5	

77 -65 -62 -63.5	

78 -66 -62 -64	

79 -66 -63 -64.5	

80 -66 -61 -63.5	

81 -65 -62 -63.5	

82 -64 -62 -63	

83 -64 -62 -63	

84 -63 -63 -63	

85 -63 -63 -63	

86 -63 -64 -63.5	

87 -63 -64 -63.5	

88 -62 -64 -63	

89 -63 -66 -64.5	

90 -64 -67 -65.5	

91 -67 -67 -67	

92 -67 -68 -67.5	

93 -67 -70 -68.5	

94 -69 -70 -69.5	

95 -68 -70 -69	

96 -72 -72 -72	
#72_9_2
1 -65 -68 -66.5	

2 -65 -68 -66.5	

3 -67 -68 -67.5	

4 -68 -69 -68.5	

5 -70 -69 -69.5	

6 -73 -69 -71	

7 -75 -68 -71.5	

8 -75 -67 -71	

9 -76 -67 -71.5	

10 -74 -66 -70	

11 -70 -66 -68	

12 -69 -65 -67	

13 -68 -65 -66.5	

14 -68 -64 -66	

15 -66 -64 -65	

16 -66 -65 -65.5	

17 -64 -65 -64.5	

18 -64 -66 -65	

19 -64 -66 -65	

20 -64 -67 -65.5	

21 -65 -67 -66	

22 -65 -68 -66.5	

23 -66 -69 -67.5	

24 -68 -69 -68.5	

25 -67 -69 -68	

26 -71 -69 -70	

27 -71 -68 -69.5	

28 -72 -68 -70	

29 -72 -67 -69.5	

30 -70 -66 -68	

31 -67 -64 -65.5	

32 -67 -64 -65.5	

33 -65 -64 -64.5	

34 -65 -64 -64.5	

35 -65 -65 -65	

36 -65 -65 -65	

37 -63 -66 -64.5	

38 -64 -67 -65.5	

39 -64 -68 -66	

40 -66 -72 -69	

41 -68 -77 -72.5	

42 -72 -78 -75	

43 -74 -73 -73.5	

44 -78 -70 -74	

45 -74 -68 -71	

46 -71 -64 -67.5	

47 -68 -63 -65.5	

48 -68 -62 -65	

49 -65 -61 -63	

50 -65 -61 -63	

51 -64 -61 -62.5	

52 -63 -61 -62	

53 -63 -61 -62	

54 -64 -61 -62.5	

55 -64 -61 -62.5	

56 -64 -61 -62.5	

57 -65 -61 -63	

58 -66 -62 -64	

59 -66 -63 -64.5	

60 -66 -64 -65	

61 -66 -64 -65	

62 -70 -64 -67	

63 -71 -64 -67.5	

64 -71 -64 -67.5	

65 -71 -64 -67.5	

66 -73 -64 -68.5	

67 -73 -63 -68	

68 -71 -63 -67	

69 -71 -63 -67	

70 -71 -63 -67	

71 -71 -64 -67.5	

72 -64 -64 -64	

73 -64 -64 -64	

74 -64 -65 -64.5	

75 -63 -65 -64	

76 -63 -65 -64	

77 -64 -65 -64.5	

78 -69 -65 -67	

79 -69 -66 -67.5	

80 -69 -66 -67.5	

81 -67 -66 -66.5	

82 -64 -64 -64	

83 -63 -64 -63.5	

84 -62 -64 -63	

85 -62 -64 -63	

86 -62 -64 -63	

87 -61 -64 -62.5	

88 -60 -64 -62	

89 -60 -64 -62	

90 -60 -65 -62.5	

91 -60 -67 -63.5	

92 -61 -68 -64.5	

93 -64 -68 -66	

94 -67 -69 -68	

95 -68 -70 -69	

96 -69 -69 -69	

#72_10_1
1 -65 -70 -67.5	

2 -65 -71 -68	

3 -68 -71 -69.5	

4 -67 -72 -69.5	

5 -67 -72 -69.5	

6 -67 -72 -69.5	

7 -67 -72 -69.5	

8 -68 -71 -69.5	

9 -68 -71 -69.5	

10 -68 -68 -68	

11 -67 -67 -67	

12 -67 -66 -66.5	

13 -66 -66 -66	

14 -64 -66 -65	

15 -64 -66 -65	

16 -64 -66 -65	

17 -64 -67 -65.5	

18 -63 -67 -65	

19 -63 -67 -65	

20 -63 -67 -65	

21 -63 -67 -65	

22 -63 -69 -66	

23 -66 -69 -67.5	

24 -66 -70 -68	

25 -66 -70 -68	

26 -67 -70 -68.5	

27 -68 -70 -69	

28 -68 -70 -69	

29 -68 -70 -69	

30 -68 -69 -68.5	

31 -68 -68 -68	

32 -67 -68 -67.5	

33 -67 -68 -67.5	

34 -67 -68 -67.5	

35 -67 -68 -67.5	

36 -66 -68 -67	

37 -66 -68 -67	

38 -66 -68 -67	

39 -66 -69 -67.5	

40 -66 -69 -67.5	

41 -66 -70 -68	

42 -66 -70 -68	

43 -66 -70 -68	

44 -66 -70 -68	

45 -66 -69 -67.5	

46 -66 -68 -67	

47 -68 -67 -67.5	

48 -70 -67 -68.5	

49 -73 -66 -69.5	

50 -75 -66 -70.5	

51 -75 -66 -70.5	

52 -76 -65 -70.5	

53 -74 -64 -69	

54 -72 -64 -68	

55 -72 -64 -68	

56 -71 -64 -67.5	

57 -68 -64 -66	

58 -68 -63 -65.5	

59 -68 -63 -65.5	

60 -67 -62 -64.5	

61 -66 -62 -64	

62 -66 -62 -64	

63 -66 -62 -64	

64 -66 -62 -64	

65 -66 -63 -64.5	

66 -66 -63 -64.5	

67 -66 -63 -64.5	

68 -67 -63 -65	

69 -67 -64 -65.5	

70 -67 -64 -65.5	

71 -69 -64 -66.5	

72 -66 -64 -65	

73 -65 -64 -64.5	

74 -64 -64 -64	

75 -63 -64 -63.5	

76 -63 -64 -63.5	

77 -63 -64 -63.5	

78 -63 -64 -63.5	

79 -63 -64 -63.5	

80 -63 -64 -63.5	

81 -63 -64 -63.5	

82 -63 -63 -63	

83 -63 -64 -63.5	

84 -64 -64 -64	

85 -64 -64 -64	

86 -64 -65 -64.5	

87 -64 -65 -64.5	

88 -64 -64 -64	

89 -64 -64 -64	

90 -64 -67 -65.5	

91 -66 -67 -66.5	

92 -66 -69 -67.5	

93 -67 -69 -68	

94 -67 -69 -68	

95 -68 -69 -68.5	

96 -68 -68 -68	

#72_10_2
1 -68 -70 -69	

2 -67 -71 -69	

3 -67 -73 -70	

4 -67 -74 -70.5	

5 -68 -75 -71.5	

6 -68 -75 -71.5	

7 -69 -73 -71	

8 -69 -74 -71.5	

9 -71 -72 -71.5	

10 -73 -71 -72	

11 -74 -69 -71.5	

12 -75 -68 -71.5	

13 -75 -68 -71.5	

14 -75 -66 -70.5	

15 -72 -65 -68.5	

16 -70 -67 -68.5	

17 -69 -67 -68	

18 -67 -67 -67	

19 -65 -67 -66	

20 -67 -67 -67	

21 -67 -67 -67	

22 -67 -69 -68	

23 -67 -70 -68.5	

24 -68 -70 -69	

25 -69 -72 -70.5	

26 -69 -72 -70.5	

27 -70 -73 -71.5	

28 -70 -73 -71.5	

29 -71 -75 -73	

30 -71 -75 -73	

31 -71 -74 -72.5	

32 -73 -73 -73	

33 -73 -70 -71.5	

34 -72 -69 -70.5	

35 -69 -68 -68.5	

36 -69 -68 -68.5	

37 -69 -70 -69.5	

38 -68 -70 -69	

39 -69 -71 -70	

40 -69 -73 -71	

41 -69 -73 -71	

42 -71 -73 -72	

43 -73 -74 -73.5	

44 -75 -75 -75	

45 -75 -73 -74	

46 -73 -71 -72	

47 -73 -70 -71.5	

48 -73 -69 -71	

49 -73 -68 -70.5	

50 -73 -68 -70.5	

51 -73 -68 -70.5	

52 -72 -67 -69.5	

53 -72 -67 -69.5	

54 -71 -66 -68.5	

55 -71 -65 -68	

56 -71 -65 -68	

57 -70 -64 -67	

58 -69 -64 -66.5	

59 -69 -64 -66.5	

60 -68 -64 -66	

61 -67 -64 -65.5	

62 -67 -62 -64.5	

63 -67 -62 -64.5	

64 -66 -61 -63.5	

65 -66 -61 -63.5	

66 -64 -61 -62.5	

67 -64 -61 -62.5	

68 -63 -61 -62	

69 -63 -61 -62	

70 -62 -62 -62	

71 -61 -61 -61	

72 -61 -61 -61	

73 -61 -62 -61.5	

74 -61 -62 -61.5	

75 -61 -62 -61.5	

76 -61 -62 -61.5	

77 -61 -62 -61.5	

78 -61 -62 -61.5	

79 -61 -63 -62	

80 -61 -63 -62	

81 -61 -63 -62	

82 -61 -63 -62	

83 -61 -63 -62	

84 -62 -63 -62.5	

85 -62 -63 -62.5	

86 -62 -65 -63.5	

87 -62 -65 -63.5	

88 -62 -65 -63.5	

89 -64 -66 -65	

90 -64 -66 -65	

91 -64 -68 -66	

92 -65 -68 -66.5	

93 -65 -68 -66.5	

94 -68 -68 -68	

95 -68 -69 -68.5	

96 -69 -69 -69	

#72_11_1
1 -62 -66 -64	

2 -63 -66 -64.5	

3 -65 -69 -67	

4 -65 -69 -67	

5 -66 -69 -67.5	

6 -66 -69 -67.5	

7 -65 -68 -66.5	

8 -66 -66 -66	

9 -67 -65 -66	

10 -67 -64 -65.5	

11 -67 -63 -65	

12 -64 -63 -63.5	

13 -64 -63 -63.5	

14 -63 -63 -63	

15 -62 -63 -62.5	

16 -63 -63 -63	

17 -63 -63 -63	

18 -63 -62 -62.5	

19 -63 -62 -62.5	

20 -63 -62 -62.5	

21 -63 -62 -62.5	

22 -63 -62 -62.5	

23 -63 -62 -62.5	

24 -63 -62 -62.5	

25 -64 -62 -63	

26 -65 -61 -63	

27 -65 -61 -63	

28 -66 -61 -63.5	

29 -66 -61 -63.5	

30 -64 -61 -62.5	

31 -64 -61 -62.5	

32 -64 -61 -62.5	

33 -64 -62 -63	

34 -64 -62 -63	

35 -64 -62 -63	

36 -63 -62 -62.5	

37 -63 -62 -62.5	

38 -63 -63 -63	

39 -63 -63 -63	

40 -63 -66 -64.5	

41 -63 -67 -65	

42 -64 -67 -65.5	

43 -64 -67 -65.5	

44 -64 -67 -65.5	

45 -64 -66 -65	

46 -64 -65 -64.5	

47 -64 -65 -64.5	

48 -64 -64 -64	

49 -64 -62 -63	

50 -64 -62 -63	

51 -64 -62 -63	

52 -63 -62 -62.5	

53 -62 -63 -62.5	

54 -62 -63 -62.5	

55 -62 -62 -62	

56 -63 -62 -62.5	

57 -62 -63 -62.5	

58 -61 -63 -62	

59 -61 -63 -62	

60 -61 -67 -64	

61 -62 -62 -62	

62 -62 -62 -62	

63 -62 -62 -62	

64 -62 -63 -62.5	

65 -63 -63 -63	

66 -64 -63 -63.5	

67 -64 -63 -63.5	

68 -64 -64 -64	

69 -64 -65 -64.5	

70 -65 -64 -64.5	

71 -65 -64 -64.5	

72 -65 -64 -64.5	

73 -65 -66 -65.5	

74 -65 -66 -65.5	

75 -65 -67 -66	

76 -65 -68 -66.5	

77 -65 -68 -66.5	

78 -65 -69 -67	

79 -65 -70 -67.5	

80 -65 -71 -68	

81 -66 -73 -69.5	

82 -67 -75 -71	

83 -68 -77 -72.5	

84 -70 -77 -73.5	

85 -74 -78 -76	

86 -77 -75 -76	

87 -77 -73 -75	

88 -76 -72 -74	

89 -74 -72 -73	

90 -71 -72 -71.5	

91 -70 -72 -71	

92 -74 -74 -74	

93 -74 -74 -74	

94 -74 -72 -73	

95 -72 -73 -72.5	

96 -74 -74 -74	

