#88_2_2
1 -48 -44 -46	

2 -45 -43 -44	

3 -45 -43 -44	
`	
4 -45 -43 -44	

5 -44 -42 -43	

6 -44 -42 -43	

7 -44 -42 -43	

8 -42 -42 -42	

9 -42 -42 -42	

10 -42 -42 -42	

11 -42 -42 -42	

12 -42 -42 -42	

13 -42 -42 -42	

14 -42 -42 -42	

15 -42 -43 -42.5	

16 -42 -43 -42.5	

17 -42 -44 -43	

18 -42 -44 -43	

19 -43 -44 -43.5	

20 -43 -44 -43.5	

21 -43 -44 -43.5	

22 -43 -44 -43.5	

23 -43 -42 -42.5	

24 -43 -42 -42.5	

25 -43 -42 -42.5	

26 -43 -42 -42.5	

27 -42 -42 -42	

28 -42 -43 -42.5	

29 -42 -44 -43	

30 -41 -44 -42.5	

31 -41 -45 -43	

32 -40 -46 -43	

33 -40 -48 -44	

34 -40 -48 -44	

35 -40 -48 -44	

36 -40 -50 -45	

37 -42 -55 -48.5	

38 -42 -60 -51	

39 -43 -63 -53	

40 -45 -57 -51	

41 -46 -53 -49.5	

42 -48 -48 -48	

43 -50 -44 -47	

44 -53 -44 -48.5	

45 -55 -43 -49	

46 -58 -43 -50.5	

47 -60 -42 -51	

48 -62 -42 -52	

49 -65 -41 -53	

50 -63 -40 -51.5	

51 -61 -39 -50	

52 -60 -39 -49.5	

53 -60 -38 -49	

54 -59 -37 -48	

55 -57 -37 -47	

56 -57 -36 -46.5	

57 -57 -35 -46	

58 -56 -33 -44.5	

59 -54 -32 -43	

60 -51 -32 -41.5	

61 -49 -30 -39.5	

62 -48 -30 -39	

63 -45 -30 -37.5	

64 -44 -30 -37	

65 -43 -31 -37	

66 -42 -31 -36.5	

67 -39 -31 -35	

68 -39 -31 -35	

69 -37 -31 -34	

70 -37 -33 -35	

71 -35 -33 -34	

72 -35 -35 -35	

73 -34 -35 -34.5	

74 -34 -36 -35	

75 -34 -38 -36	

76 -34 -39 -36.5	

77 -35 -42 -38.5	

78 -36 -44 -40	

79 -36 -45 -40.5	

80 -39 -45 -42	

81 -40 -45 -42.5	

82 -41 -44 -42.5	

83 -42 -44 -43	

84 -42 -44 -43	

85 -41 -43 -42	

86 -41 -41 -41	

87 -39 -39 -39	

88 -37 -39 -38	

89 -35 -38 -36.5	

90 -35 -35 -35	

91 -35 -35 -35	

92 -34 -34 -34	

93 -33 -33 -33	

94 -32 -33 -32.5	

95 -32 -32 -32	

96 -32 -32 -32	
#88_3_1
1 -48 -48 -48	

2 -46 -46 -46	

3 -46 -46 -46	

4 -46 -46 -46	

5 -46 -45 -45.5	

6 -45 -45 -45	

7 -45 -45 -45	

8 -45 -45 -45	

9 -45 -45 -45	

10 -45 -45 -45	

11 -45 -45 -45	

12 -45 -45 -45	

13 -45 -45 -45	

14 -45 -45 -45	

15 -45 -46 -45.5	

16 -45 -46 -45.5	

17 -45 -47 -46	

18 -45 -47 -46	

19 -45 -48 -46.5	

20 -46 -48 -47	

21 -46 -47 -46.5	

22 -46 -46 -46	

23 -47 -46 -46.5	

24 -47 -45 -46	

25 -47 -45 -46	

26 -47 -44 -45.5	

27 -47 -44 -45.5	

28 -47 -44 -45.5	

29 -47 -44 -45.5	

30 -47 -45 -46	

31 -46 -45 -45.5	

32 -46 -46 -46	

33 -46 -46 -46	

34 -46 -47 -46.5	

35 -46 -48 -47	

36 -46 -48 -47	

37 -46 -51 -48.5	

38 -46 -52 -49	

39 -47 -54 -50.5	

40 -47 -56 -51.5	

41 -48 -57 -52.5	

42 -50 -58 -54	

43 -52 -57 -54.5	

44 -53 -57 -55	

45 -54 -56 -55	

46 -54 -54 -54	

47 -55 -53 -54	

48 -55 -53 -54	

49 -55 -52 -53.5	

50 -55 -52 -53.5	

51 -55 -52 -53.5	

52 -54 -52 -53	

53 -53 -52 -52.5	

54 -53 -52 -52.5	

55 -53 -54 -53.5	

56 -53 -50 -51.5	

57 -51 -50 -50.5	

58 -51 -48 -49.5	

59 -51 -47 -49	

60 -50 -47 -48.5	

61 -49 -45 -47	

62 -49 -45 -47	

63 -49 -43 -46	

64 -48 -43 -45.5	

65 -47 -42 -44.5	

66 -47 -42 -44.5	

67 -47 -42 -44.5	

68 -45 -42 -43.5	

69 -45 -42 -43.5	

70 -44 -42 -43	

71 -44 -42 -43	

72 -43 -43 -43	

73 -42 -43 -42.5	

74 -42 -43 -42.5	

75 -41 -43 -42	

76 -41 -43 -42	

77 -42 -43 -42.5	

78 -42 -44 -43	

79 -42 -44 -43	

80 -43 -45 -44	

81 -44 -45 -44.5	

82 -45 -46 -45.5	

83 -46 -47 -46.5	

84 -47 -47 -47	

85 -48 -49 -48.5	

86 -49 -50 -49.5	

87 -51 -50 -50.5	

88 -51 -51 -51	

89 -54 -51 -52.5	

90 -55 -51 -53	

91 -55 -51 -53	

92 -56 -52 -54	

93 -56 -54 -55	

94 -56 -54 -55	

95 -55 -55 -55	

96 -55 -55 -55
#88_3_2
1 -47 -50 -48.5	

2 -50 -48 -49	

3 -50 -47 -48.5	

4 -50 -45 -47.5	

5 -49 -44 -46.5	

6 -48 -44 -46	

7 -48 -44 -46	

8 -48 -44 -46	

9 -48 -44 -46	

10 -48 -44 -46	

11 -48 -44 -46	

12 -47 -44 -45.5	

13 -47 -44 -45.5	

14 -47 -44 -45.5	

15 -47 -45 -46	

16 -47 -45 -46	

17 -47 -46 -46.5	

18 -47 -46 -46.5	

19 -47 -47 -47	

20 -47 -47 -47	

21 -47 -47 -47	

22 -47 -47 -47	

23 -47 -46 -46.5	

24 -47 -45 -46	

25 -46 -45 -45.5	

26 -46 -47 -46.5	

27 -45 -47 -46	

28 -44 -47 -45.5	

29 -43 -47 -45	

30 -41 -48 -44.5	

31 -40 -48 -44	

32 -40 -49 -44.5	

33 -40 -49 -44.5	

34 -41 -49 -45	

35 -41 -51 -46	

36 -41 -52 -46.5	

37 -42 -55 -48.5	

38 -43 -57 -50	

39 -43 -59 -51	

40 -44 -60 -52	

41 -45 -60 -52.5	

42 -46 -58 -52	

43 -47 -56 -51.5	

44 -48 -54 -51	

45 -50 -53 -51.5	

46 -51 -52 -51.5	

47 -53 -52 -52.5	

48 -54 -53 -53.5	

49 -55 -53 -54	

50 -55 -53 -54	

51 -56 -54 -55	

52 -56 -56 -56	

53 -56 -54 -55	

54 -56 -54 -55	

55 -56 -54 -55	

56 -56 -55 -55.5	

57 -56 -55 -55.5	

58 -56 -54 -55	

59 -54 -51 -52.5	

60 -53 -51 -52	

61 -52 -48 -50	

62 -52 -48 -50	

63 -51 -45 -48	

64 -49 -44 -46.5	

65 -49 -43 -46	

66 -48 -43 -45.5	

67 -46 -42 -44	

68 -45 -42 -43.5	

69 -45 -42 -43.5	

70 -45 -42 -43.5	

71 -44 -42 -43	

72 -43 -42 -42.5	

73 -43 -42 -42.5	

74 -43 -43 -43	

75 -42 -45 -43.5	

76 -42 -45 -43.5	

77 -42 -46 -44	

78 -42 -47 -44.5	

79 -42 -47 -44.5	

80 -43 -48 -45.5	

81 -45 -48 -46.5	

82 -47 -49 -48	

83 -48 -50 -49	

84 -50 -50 -50	

85 -50 -51 -50.5	

86 -51 -51 -51	

87 -51 -51 -51	

88 -51 -54 -52.5	

89 -51 -53 -52	

90 -51 -51 -51	

91 -50 -51 -50.5	

92 -50 -51 -50.5	

93 -50 -51 -50.5	

94 -50 -52 -51	

95 -50 -50 -50	

96 -50 -50 -50	
#88_4_1
1 -49 -52 -50.5	

2 -52 -50 -51	

3 -52 -50 -51	

4 -53 -49 -51	

5 -50 -47 -48.5	

6 -51 -47 -49	

7 -51 -47 -49	

8 -51 -47 -49	

9 -51 -47 -49	

10 -50 -47 -48.5	

11 -49 -47 -48	

12 -49 -47 -48	

13 -49 -47 -48	

14 -49 -47 -48	

15 -49 -47 -48	

16 -48 -47 -47.5	

17 -48 -48 -48	

18 -48 -48 -48	

19 -48 -48 -48	

20 -48 -48 -48	

21 -48 -48 -48	

22 -48 -48 -48	

23 -48 -47 -47.5	

24 -48 -47 -47.5	

25 -48 -47 -47.5	

26 -48 -47 -47.5	

27 -48 -47 -47.5	

28 -48 -47 -47.5	

29 -48 -47 -47.5	

30 -47 -47 -47	

31 -47 -47 -47	

32 -46 -47 -46.5	

33 -46 -48 -47	

34 -46 -48 -47	

35 -46 -49 -47.5	

36 -46 -49 -47.5	

37 -46 -51 -48.5	

38 -46 -52 -49	

39 -46 -54 -50	

40 -46 -55 -50.5	

41 -47 -56 -51.5	

42 -47 -56 -51.5	

43 -47 -56 -51.5	

44 -49 -56 -52.5	

45 -50 -55 -52.5	

46 -51 -54 -52.5	

47 -52 -54 -53	

48 -52 -54 -53	

49 -53 -54 -53.5	

50 -54 -54 -54	

51 -54 -54 -54	

52 -54 -54 -54	

53 -54 -53 -53.5	

54 -56 -53 -54.5	

55 -54 -54 -54	

56 -55 -57 -56	

57 -56 -58 -57	

58 -55 -56 -55.5	

59 -55 -56 -55.5	

60 -55 -56 -55.5	

61 -55 -54 -54.5	

62 -53 -53 -53	

63 -52 -52 -52	

64 -52 -49 -50.5	

65 -51 -49 -50	

66 -51 -48 -49.5	

67 -51 -48 -49.5	

68 -50 -48 -49	

69 -48 -48 -48	

70 -48 -48 -48	

71 -47 -48 -47.5	

72 -47 -48 -47.5	

73 -47 -48 -47.5	

74 -47 -50 -48.5	

75 -47 -50 -48.5	

76 -47 -50 -48.5	

77 -47 -52 -49.5	

78 -47 -52 -49.5	

79 -47 -54 -50.5	

80 -47 -56 -51.5	

81 -49 -56 -52.5	

82 -50 -56 -53	

83 -51 -56 -53.5	

84 -53 -56 -54.5	

85 -55 -56 -55.5	

86 -53 -54 -53.5	

87 -51 -54 -52.5	

88 -50 -51 -50.5	

89 -50 -50 -50	

90 -49 -49 -49	

91 -49 -49 -49	

92 -49 -49 -49	

93 -48 -48 -48	

94 -48 -48 -48	

95 -48 -48 -48	

96 -48 -48 -48	
#88_4_2
1 -48 -52 -50	

2 -54 -51 -52.5	

3 -54 -51 -52.5	

4 -54 -47 -50.5	

5 -56 -46 -51	

6 -55 -46 -50.5	

7 -53 -45 -49	

8 -53 -45 -49	

9 -54 -45 -49.5	

10 -53 -45 -49	

11 -51 -45 -48	

12 -50 -45 -47.5	

13 -50 -45 -47.5	

14 -50 -45 -47.5	

15 -50 -45 -47.5	

16 -50 -45 -47.5	

17 -49 -47 -48	

18 -49 -47 -48	

19 -49 -47 -48	

20 -49 -47 -48	

21 -49 -47 -48	

22 -50 -46 -48	

23 -50 -46 -48	

24 -50 -46 -48	

25 -50 -46 -48	

26 -50 -45 -47.5	

27 -50 -45 -47.5	

28 -50 -45 -47.5	

29 -49 -45 -47	

30 -48 -45 -46.5	

31 -48 -46 -47	

32 -47 -46 -46.5	

33 -47 -46 -46.5	

34 -46 -47 -46.5	

35 -46 -47 -46.5	

36 -46 -49 -47.5	

37 -46 -50 -48	

38 -46 -50 -48	

39 -46 -53 -49.5	

40 -46 -53 -49.5	

41 -46 -55 -50.5	

42 -46 -57 -51.5	

43 -47 -59 -53	

44 -47 -60 -53.5	

45 -48 -60 -54	

46 -48 -60 -54	

47 -48 -58 -53	

48 -48 -57 -52.5	

49 -48 -56 -52	

50 -48 -56 -52	

51 -48 -56 -52	

52 -48 -56 -52	

53 -48 -57 -52.5	

54 -48 -57 -52.5	

55 -48 -57 -52.5	

56 -48 -55 -51.5	

57 -49 -55 -52	

58 -49 -55 -52	

59 -49 -54 -51.5	

60 -49 -50 -49.5	

61 -49 -50 -49.5	

62 -49 -50 -49.5	

63 -49 -48 -48.5	

64 -49 -48 -48.5	

65 -49 -47 -48	

66 -49 -47 -48	

67 -48 -46 -47	

68 -48 -46 -47	

69 -48 -46 -47	

70 -47 -46 -46.5	

71 -47 -46 -46.5	

72 -47 -47 -47	

73 -47 -47 -47	

74 -47 -48 -47.5	

75 -47 -48 -47.5	

76 -47 -49 -48	

77 -47 -50 -48.5	

78 -46 -51 -48.5	

79 -46 -52 -49	

80 -46 -53 -49.5	

81 -48 -55 -51.5	

82 -49 -55 -52	

83 -52 -55 -53.5	

84 -54 -55 -54.5	

85 -55 -54 -54.5	

86 -55 -54 -54.5	

87 -53 -54 -53.5	

88 -51 -52 -51.5	

89 -50 -51 -50.5	

90 -49 -51 -50	

91 -49 -49 -49	

92 -48 -49 -48.5	

93 -48 -49 -48.5	

94 -48 -49 -48.5	

95 -48 -48 -48	

96 -48 -48 -48
#88_5_1
1 -52 -56 -54	

2 -55 -56 -55.5	

3 -55 -54 -54.5	

4 -55 -52 -53.5	

5 -55 -50 -52.5	

6 -54 -49 -51.5	

7 -53 -48 -50.5	

8 -55 -47 -51	

9 -53 -47 -50	

10 -52 -47 -49.5	

11 -52 -47 -49.5	

12 -52 -47 -49.5	

13 -52 -47 -49.5	

14 -50 -47 -48.5	

15 -50 -47 -48.5	

16 -49 -47 -48	

17 -49 -47 -48	

18 -49 -47 -48	

19 -49 -47 -48	

20 -49 -46 -47.5	

21 -50 -46 -48	

22 -50 -46 -48	

23 -51 -46 -48.5	

24 -52 -46 -49	

25 -52 -46 -49	

26 -50 -46 -48	

27 -50 -46 -48	

28 -49 -46 -47.5	

29 -48 -46 -47	

30 -48 -46 -47	

31 -48 -47 -47.5	

32 -48 -47 -47.5	

33 -47 -47 -47	

34 -47 -48 -47.5	

35 -47 -49 -48	

36 -47 -50 -48.5	

37 -47 -50 -48.5	

38 -47 -52 -49.5	

39 -47 -53 -50	

40 -47 -55 -51	

41 -50 -55 -52.5	

42 -50 -55 -52.5	

43 -52 -58 -55	

44 -55 -59 -57	

45 -56 -60 -58	

46 -56 -62 -59	

47 -57 -63 -60	

48 -58 -64 -61	

49 -60 -65 -62.5	

50 -59 -68 -63.5	

51 -57 -68 -62.5	

52 -58 -64 -61	

53 -58 -63 -60.5	

54 -58 -61 -59.5	

55 -58 -60 -59	

56 -58 -60 -59	

57 -56 -58 -57	

58 -55 -57 -56	

59 -55 -56 -55.5	

60 -55 -56 -55.5	

61 -54 -55 -54.5	

62 -54 -53 -53.5	

63 -52 -53 -52.5	

64 -52 -50 -51	

65 -50 -50 -50	

66 -50 -49 -49.5	

67 -50 -48 -49	

68 -50 -48 -49	

69 -50 -48 -49	

70 -49 -48 -48.5	

71 -49 -48 -48.5	

72 -49 -48 -48.5	

73 -49 -48 -48.5	

74 -49 -48 -48.5	

75 -49 -48 -48.5	

76 -49 -49 -49	

77 -50 -50 -50	

78 -50 -53 -51.5	

79 -51 -53 -52	

80 -53 -53 -53	

81 -53 -56 -54.5	

82 -55 -58 -56.5	

83 -57 -60 -58.5	

84 -59 -60 -59.5	

85 -59 -58 -58.5	

86 -58 -56 -57	

87 -56 -54 -55	

88 -53 -52 -52.5	

89 -51 -50 -50.5	

90 -51 -50 -50.5	

91 -51 -50 -50.5	

92 -51 -50 -50.5	

93 -51 -50 -50.5	

94 -51 -50 -50.5	

95 -51 -50 -50.5	

96 -50 -50 -50
#88_5_2
1 -52 -55 -53.5	

2 -56 -55 -55.5	

3 -56 -54 -55	

4 -56 -52 -54	

5 -56 -51 -53.5	

6 -56 -50 -53	

7 -56 -50 -53	

8 -54 -47 -50.5	

9 -53 -47 -50	

10 -52 -47 -49.5	

11 -52 -47 -49.5	

12 -52 -47 -49.5	

13 -51 -47 -49	

14 -50 -47 -48.5	

15 -50 -47 -48.5	

16 -49 -47 -48	

17 -49 -47 -48	

18 -50 -47 -48.5	

19 -50 -48 -49	

20 -50 -48 -49	

21 -50 -48 -49	

22 -50 -48 -49	

23 -50 -47 -48.5	

24 -51 -47 -49	

25 -51 -47 -49	

26 -51 -47 -49	

27 -50 -47 -48.5	

28 -50 -47 -48.5	

29 -49 -47 -48	

30 -49 -47 -48	

31 -49 -47 -48	

32 -48 -47 -47.5	

33 -48 -47 -47.5	

34 -48 -48 -48	

35 -48 -48 -48	

36 -48 -49 -48.5	

37 -48 -49 -48.5	

38 -48 -50 -49	

39 -48 -50 -49	

40 -49 -52 -50.5	

41 -51 -54 -52.5	

42 -51 -57 -54	

43 -52 -57 -54.5	

44 -53 -59 -56	

45 -54 -61 -57.5	

46 -55 -63 -59	

47 -54 -60 -57	

48 -54 -59 -56.5	

49 -56 -60 -58	

50 -55 -61 -58	

51 -55 -59 -57	

52 -55 -56 -55.5	

53 -55 -56 -55.5	

54 -55 -54 -54.5	

55 -55 -53 -54	

56 -54 -52 -53	

57 -53 -52 -52.5	

58 -54 -51 -52.5	

59 -53 -49 -51	

60 -52 -49 -50.5	

61 -52 -49 -50.5	

62 -52 -49 -50.5	

63 -52 -48 -50	

64 -52 -47 -49.5	

65 -49 -47 -48	

66 -48 -47 -47.5	

67 -48 -47 -47.5	

68 -49 -47 -48	

69 -49 -47 -48	

70 -49 -47 -48	

71 -48 -47 -47.5	

72 -48 -47 -47.5	

73 -48 -47 -47.5	

74 -48 -48 -48	

75 -48 -48 -48	

76 -50 -48 -49	

77 -54 -50 -52	

78 -54 -50 -52	

79 -56 -51 -53.5	

80 -55 -51 -53	

81 -56 -55 -55.5	

82 -57 -58 -57.5	

83 -60 -59 -59.5	

84 -60 -62 -61	

85 -59 -60 -59.5	

86 -56 -58 -57	

87 -53 -56 -54.5	

88 -53 -55 -54	

89 -53 -55 -54	

90 -53 -54 -53.5	

91 -52 -53 -52.5	

92 -52 -51 -51.5	

93 -51 -50 -50.5	

94 -50 -50 -50	

95 -50 -50 -50	

96 -50 -50 -50	

#88_6_1
1 -58 -60 -59	

2 -67 -59 -63	

3 -63 -59 -61	

4 -63 -57 -60	

5 -59 -55 -57	

6 -59 -55 -57	

7 -59 -54 -56.5	

8 -57 -52 -54.5	

9 -57 -51 -54	

10 -55 -51 -53	

11 -56 -51 -53.5	

12 -59 -51 -55	

13 -58 -51 -54.5	

14 -58 -51 -54.5	

15 -56 -52 -54	

16 -56 -52 -54	

17 -56 -53 -54.5	

18 -56 -53 -54.5	

19 -57 -54 -55.5	

20 -59 -54 -56.5	

21 -59 -54 -56.5	

22 -60 -54 -57	

23 -60 -54 -57	

24 -59 -51 -55	

25 -58 -51 -54.5	

26 -57 -49 -53	

27 -54 -49 -51.5	

28 -53 -49 -51	

29 -51 -49 -50	

30 -51 -49 -50	

31 -50 -49 -49.5	

32 -49 -49 -49	

33 -49 -50 -49.5	

34 -49 -50 -49.5	

35 -49 -50 -49.5	

36 -49 -50 -49.5	

37 -49 -50 -49.5	

38 -49 -51 -50	

39 -51 -51 -51	

40 -51 -51 -51	

41 -50 -51 -50.5	

42 -50 -54 -52	

43 -50 -54 -52	

44 -50 -54 -52	

45 -51 -54 -52.5	

46 -51 -54 -52.5	

47 -51 -54 -52.5	

48 -51 -54 -52.5	

49 -51 -55 -53	

50 -51 -55 -53	

51 -51 -55 -53	

52 -51 -55 -53	

53 -51 -55 -53	

54 -50 -55 -52.5	

55 -50 -55 -52.5	

56 -50 -54 -52	

57 -50 -54 -52	

58 -50 -54 -52	

59 -50 -54 -52	

60 -50 -53 -51.5	

61 -50 -52 -51	

62 -50 -51 -50.5	

63 -50 -51 -50.5	

64 -50 -50 -50	

65 -50 -50 -50	

66 -50 -50 -50	

67 -50 -50 -50	

68 -50 -50 -50	

69 -50 -49 -49.5	

70 -51 -49 -50	

71 -52 -49 -50.5	

72 -54 -49 -51.5	

73 -56 -49 -52.5	

74 -59 -50 -54.5	

75 -60 -50 -55	

76 -62 -51 -56.5	

77 -62 -51 -56.5	

78 -61 -51 -56	

79 -60 -52 -56	

80 -59 -52 -55.5	

81 -57 -54 -55.5	

82 -57 -55 -56	

83 -56 -56 -56	

84 -55 -57 -56	

85 -54 -58 -56	

86 -54 -56 -55	

87 -54 -56 -55	

88 -54 -55 -54.5	

89 -54 -53 -53.5	

90 -52 -53 -52.5	

91 -52 -53 -52.5	

92 -51 -53 -52	

93 -50 -50 -50	

94 -50 -50 -50	

95 -50 -50 -50	

96 -50 -50 -50	
#88_6_2
1 -58 -60 -59	

2 -67 -59 -63	

3 -63 -59 -61	

4 -63 -57 -60	

5 -59 -55 -57	

6 -59 -55 -57	

7 -59 -54 -56.5	

8 -57 -52 -54.5	

9 -57 -51 -54	

10 -55 -51 -53	

11 -56 -51 -53.5	

12 -59 -51 -55	

13 -58 -51 -54.5	

14 -58 -51 -54.5	

15 -56 -52 -54	

16 -56 -52 -54	

17 -56 -53 -54.5	

18 -56 -53 -54.5	

19 -57 -54 -55.5	

20 -59 -54 -56.5	

21 -59 -54 -56.5	

22 -60 -54 -57	

23 -60 -54 -57	

24 -59 -51 -55	

25 -58 -51 -54.5	

26 -57 -49 -53	

27 -54 -49 -51.5	

28 -53 -49 -51	

29 -51 -49 -50	

30 -51 -49 -50	

31 -50 -49 -49.5	

32 -49 -49 -49	

33 -49 -50 -49.5	

34 -49 -50 -49.5	

35 -49 -50 -49.5	

36 -49 -50 -49.5	

37 -49 -50 -49.5	

38 -49 -51 -50	

39 -51 -51 -51	

40 -51 -51 -51	

41 -50 -51 -50.5	

42 -50 -54 -52	

43 -50 -54 -52	

44 -50 -54 -52	

45 -51 -54 -52.5	

46 -51 -54 -52.5	

47 -51 -54 -52.5	

48 -51 -54 -52.5	

49 -51 -55 -53	

50 -51 -55 -53	

51 -51 -55 -53	

52 -51 -55 -53	

53 -51 -55 -53	

54 -50 -55 -52.5	

55 -50 -55 -52.5	

56 -50 -54 -52	

57 -50 -54 -52	

58 -50 -54 -52	

59 -50 -54 -52	

60 -50 -53 -51.5	

61 -50 -52 -51	

62 -50 -51 -50.5	

63 -50 -51 -50.5	

64 -50 -50 -50	

65 -50 -50 -50	

66 -50 -50 -50	

67 -50 -50 -50	

68 -50 -50 -50	

69 -50 -49 -49.5	

70 -51 -49 -50	

71 -52 -49 -50.5	

72 -54 -49 -51.5	

73 -56 -49 -52.5	

74 -59 -50 -54.5	

75 -60 -50 -55	

76 -62 -51 -56.5	

77 -62 -51 -56.5	

78 -61 -51 -56	

79 -60 -52 -56	

80 -59 -52 -55.5	

81 -57 -54 -55.5	

82 -57 -55 -56	

83 -56 -56 -56	

84 -55 -57 -56	

85 -54 -58 -56	

86 -54 -56 -55	

87 -54 -56 -55	

88 -54 -55 -54.5	

89 -54 -53 -53.5	

90 -52 -53 -52.5	

91 -52 -53 -52.5	

92 -51 -53 -52	

93 -50 -50 -50	

94 -50 -50 -50	

95 -50 -50 -50	

96 -50 -50 -50	
#88_7_1
1 -57 -60 -58.5	

2 -57 -60 -58.5	

3 -58 -58 -58	

4 -58 -58 -58	

5 -58 -57 -57.5	

6 -57 -57 -57	

7 -57 -57 -57	

8 -57 -57 -57	

9 -57 -57 -57	

10 -57 -56 -56.5	

11 -57 -56 -56.5	

12 -57 -56 -56.5	

13 -57 -56 -56.5	

14 -57 -56 -56.5	

15 -57 -56 -56.5	

16 -56 -56 -56	

17 -55 -56 -55.5	

18 -55 -56 -55.5	

19 -55 -56 -55.5	

20 -55 -56 -55.5	

21 -55 -56 -55.5	

22 -56 -56 -56	

23 -56 -56 -56	

24 -56 -56 -56	

25 -56 -56 -56	

26 -56 -56 -56	

27 -56 -56 -56	

28 -56 -56 -56	

29 -55 -56 -55.5	

30 -54 -56 -55	

31 -53 -57 -55	

32 -52 -56 -54	

33 -52 -56 -54	

34 -52 -56 -54	

35 -52 -57 -54.5	

36 -52 -57 -54.5	

37 -52 -57 -54.5	

38 -52 -57 -54.5	

39 -52 -57 -54.5	

40 -52 -57 -54.5	

41 -53 -57 -55	

42 -56 -57 -56.5	

43 -56 -57 -56.5	

44 -56 -57 -56.5	

45 -56 -57 -56.5	

46 -56 -57 -56.5	

47 -56 -57 -56.5	

48 -56 -57 -56.5	

49 -56 -57 -56.5	

50 -56 -57 -56.5	

51 -56 -57 -56.5	

52 -56 -57 -56.5	

53 -56 -57 -56.5	

54 -56 -57 -56.5	

55 -56 -57 -56.5	

56 -56 -57 -56.5	

57 -56 -56 -56	

58 -57 -56 -56.5	

59 -57 -56 -56.5	

60 -57 -56 -56.5	

61 -57 -56 -56.5	

62 -57 -56 -56.5	

63 -57 -56 -56.5	

64 -57 -56 -56.5	

65 -57 -56 -56.5	

66 -57 -56 -56.5	

67 -57 -56 -56.5	

68 -57 -56 -56.5	

69 -57 -56 -56.5	

70 -57 -56 -56.5	

71 -57 -56 -56.5	

72 -57 -56 -56.5	

73 -57 -56 -56.5	

74 -55 -56 -55.5	

75 -55 -56 -55.5	

76 -55 -56 -55.5	

77 -55 -56 -55.5	

78 -55 -56 -55.5	

79 -55 -56 -55.5	

80 -55 -56 -55.5	

81 -55 -56 -55.5	

82 -55 -56 -55.5	

83 -56 -56 -56	

84 -56 -56 -56	

85 -56 -56 -56	

86 -56 -56 -56	

87 -56 -56 -56	

88 -56 -56 -56	

89 -56 -57 -56.5	

90 -56 -57 -56.5	

91 -56 -58 -57	

92 -56 -58 -57	

93 -56 -58 -57	

94 -56 -58 -57	

95 -58 -58 -58	

96 -58 -58 -58	
#88_7_2
1 -58 -60 -59	

2 -58 -60 -59	

3 -59 -59 -59	

4 -59 -59 -59	

5 -59 -57 -58	

6 -59 -57 -58	

7 -59 -57 -58	

8 -56 -57 -56.5	

9 -57 -57 -57	

10 -57 -57 -57	

11 -57 -57 -57	

12 -57 -56 -56.5	

13 -55 -55 -55	

14 -55 -55 -55	

15 -55 -55 -55	

16 -58 -55 -56.5	

17 -55 -55 -55	

18 -54 -55 -54.5	

19 -56 -55 -55.5	

20 -58 -55 -56.5	

21 -55 -55 -55	

22 -55 -55 -55	

23 -55 -55 -55	

24 -57 -55 -56	

25 -56 -55 -55.5	

26 -54 -55 -54.5	

27 -56 -55 -55.5	

28 -56 -55 -55.5	

29 -56 -55 -55.5	

30 -56 -55 -55.5	

31 -55 -55 -55	

32 -55 -55 -55	

33 -55 -55 -55	

34 -55 -56 -55.5	

35 -55 -56 -55.5	

36 -55 -56 -55.5	

37 -55 -56 -55.5	

38 -55 -56 -55.5	

39 -55 -56 -55.5	

40 -56 -56 -56	

41 -57 -57 -57	

42 -58 -58 -58	

43 -58 -59 -58.5	

44 -59 -58 -58.5	

45 -59 -59 -59	

46 -59 -60 -59.5	

47 -59 -59 -59	

48 -59 -56 -57.5	

49 -59 -55 -57	

50 -59 -55 -57	

51 -59 -55 -57	

52 -59 -55 -57	

53 -60 -55 -57.5	

54 -60 -55 -57.5	

55 -60 -55 -57.5	

56 -62 -55 -58.5	

57 -62 -55 -58.5	

58 -61 -55 -58	

59 -60 -54 -57	

60 -60 -55 -57.5	

61 -59 -55 -57	

62 -59 -55 -57	

63 -58 -55 -56.5	

64 -58 -55 -56.5	

65 -58 -55 -56.5	

66 -58 -55 -56.5	

67 -58 -55 -56.5	

68 -58 -55 -56.5	

69 -58 -55 -56.5	

70 -58 -55 -56.5	

71 -58 -56 -57	

72 -57 -56 -56.5	

73 -57 -56 -56.5	

74 -57 -56 -56.5	

75 -57 -56 -56.5	

76 -57 -56 -56.5	

77 -57 -56 -56.5	

78 -57 -56 -56.5	

79 -57 -56 -56.5	

80 -57 -56 -56.5	

81 -57 -56 -56.5	

82 -57 -56 -56.5	

83 -57 -56 -56.5	

84 -56 -56 -56	

85 -56 -57 -56.5	

86 -56 -57 -56.5	

87 -56 -57 -56.5	

88 -56 -57 -56.5	

89 -56 -58 -57	

90 -56 -58 -57	

91 -56 -58 -57	

92 -57 -58 -57.5	

93 -58 -58 -58	

94 -58 -58 -58	

95 -58 -58 -58	

96 -58 -58 -58	
#88_8_1
1 -57 -59 -58	

2 -57 -59 -58	

3 -57 -58 -57.5	

4 -57 -58 -57.5	

5 -56 -57 -56.5	

6 -56 -56 -56	

7 -53 -56 -54.5	

8 -53 -56 -54.5	

9 -54 -56 -55	

10 -54 -56 -55	

11 -54 -56 -55	

12 -54 -56 -55	

13 -54 -56 -55	

14 -54 -56 -55	

15 -54 -56 -55	

16 -56 -56 -56	

17 -56 -56 -56	

18 -56 -56 -56	

19 -56 -56 -56	

20 -56 -56 -56	

21 -56 -56 -56	

22 -56 -56 -56	

23 -56 -56 -56	

24 -56 -56 -56	

25 -56 -56 -56	

26 -56 -56 -56	

27 -56 -54 -55	

28 -56 -54 -55	

29 -55 -54 -54.5	

30 -54 -54 -54	

31 -54 -54 -54	

32 -54 -54 -54	

33 -54 -53 -53.5	

34 -54 -52 -53	

35 -54 -52 -53	

36 -54 -53 -53.5	

37 -55 -55 -55	

38 -55 -56 -55.5	

39 -57 -57 -57	

40 -57 -57 -57	

41 -58 -57 -57.5	

42 -60 -59 -59.5	

43 -62 -60 -61	

44 -71 -60 -65.5	

45 -74 -61 -67.5	

46 -66 -62 -64	

47 -63 -63 -63	

48 -66 -64 -65	

49 -68 -65 -66.5	

50 -73 -66 -69.5	

51 -70 -68 -69	

52 -71 -70 -70.5	

53 -71 -71 -71	

54 -70 -71 -70.5	

55 -70 -70 -70	

56 -70 -70 -70	

57 -67 -66 -66.5	

58 -65 -60 -62.5	

59 -71 -60 -65.5	

60 -71 -60 -65.5	

61 -66 -60 -63	

62 -61 -60 -60.5	

63 -61 -60 -60.5	

64 -60 -60 -60	

65 -61 -58 -59.5	

66 -60 -56 -58	

67 -59 -56 -57.5	

68 -59 -56 -57.5	

69 -58 -56 -57	

70 -57 -56 -56.5	

71 -57 -56 -56.5	

72 -57 -56 -56.5	

73 -57 -56 -56.5	

74 -56 -57 -56.5	

75 -56 -57 -56.5	

76 -57 -57 -57	

77 -57 -58 -57.5	

78 -57 -58 -57.5	

79 -57 -59 -58	

80 -58 -59 -58.5	

81 -58 -60 -59	

82 -60 -60 -60	

83 -61 -60 -60.5	

84 -61 -61 -61	

85 -61 -62 -61.5	

86 -61 -63 -62	

87 -63 -63 -63	

88 -65 -64 -64.5	

89 -65 -63 -64	

90 -66 -63 -64.5	

91 -65 -61 -63	

92 -67 -60 -63.5	

93 -63 -59 -61	

94 -61 -59 -60	

95 -61 -59 -60	

96 -60 -60 -60	

#88_8_2
1 -56 -61 -58.5	

2 -57 -60 -58.5	

3 -57 -60 -58.5	

4 -56 -60 -58	

5 -56 -58 -57	

6 -56 -57 -56.5	

7 -56 -57 -56.5	

8 -56 -57 -56.5	

9 -56 -57 -56.5	

10 -55 -57 -56	

11 -55 -57 -56	

12 -55 -56 -55.5	

13 -56 -55 -55.5	

14 -56 -55 -55.5	

15 -56 -54 -55	

16 -56 -54 -55	

17 -56 -54 -55	

18 -56 -54 -55	

19 -56 -54 -55	

20 -56 -55 -55.5	

21 -56 -55 -55.5	

22 -56 -55 -55.5	

23 -56 -55 -55.5	

24 -56 -55 -55.5	

25 -56 -55 -55.5	

26 -55 -55 -55	

27 -55 -55 -55	

28 -55 -53 -54	

29 -54 -53 -53.5	

30 -54 -53 -53.5	

31 -52 -52 -52	

32 -52 -54 -53	

33 -54 -54 -54	

34 -54 -54 -54	

35 -53 -54 -53.5	

36 -54 -53 -53.5	

37 -55 -55 -55	

38 -55 -56 -55.5	

39 -56 -57 -56.5	

40 -57 -58 -57.5	

41 -57 -58 -57.5	

42 -57 -60 -58.5	

43 -57 -62 -59.5	

44 -61 -62 -61.5	

45 -61 -63 -62	

46 -65 -63 -64	

47 -65 -65 -65	

48 -66 -68 -67	

49 -69 -70 -69.5	

50 -67 -71 -69	

51 -69 -71 -70	

52 -65 -70 -67.5	

53 -64 -70 -67	

54 -63 -67 -65	

55 -63 -67 -65	

56 -63 -67 -65	

57 -63 -66 -64.5	

58 -62 -63 -62.5	

59 -61 -62 -61.5	

60 -61 -61 -61	

61 -60 -60 -60	

62 -60 -59 -59.5	

63 -59 -58 -58.5	

64 -59 -57 -58	

65 -59 -57 -58	

66 -59 -56 -57.5	

67 -57 -56 -56.5	

68 -56 -56 -56	

69 -56 -56 -56	

70 -56 -56 -56	

71 -55 -55 -55	

72 -55 -54 -54.5	

73 -56 -54 -55	

74 -57 -55 -56	

75 -58 -56 -57	

76 -59 -57 -58	

77 -60 -55 -57.5	

78 -60 -55 -57.5	

79 -60 -55 -57.5	

80 -60 -57 -58.5	

81 -59 -57 -58	

82 -57 -58 -57.5	

83 -57 -58 -57.5	

84 -59 -58 -58.5	

85 -58 -58 -58	

86 -58 -58 -58	

87 -58 -60 -59	

88 -58 -59 -58.5	

89 -58 -58 -58	

90 -58 -57 -57.5	

91 -57 -57 -57	

92 -57 -57 -57	

93 -56 -57 -56.5	

94 -56 -57 -56.5	

95 -56 -56 -56	

96 -56 -56 -56	
#88_9_1
1 -54 -56 -55	

2 -55 -56 -55.5	

3 -55 -56 -55.5	

4 -55 -56 -55.5	

5 -55 -57 -56	

6 -55 -57 -56	

7 -57 -56 -56.5	

8 -57 -56 -56.5	

9 -57 -57 -57	

10 -54 -58 -56	

11 -58 -58 -58	

12 -59 -58 -58.5	

13 -59 -58 -58.5	

14 -59 -58 -58.5	

15 -59 -58 -58.5	

16 -57 -58 -57.5	

17 -57 -59 -58	

18 -60 -59 -59.5	

19 -60 -59 -59.5	

20 -59 -59 -59	

21 -59 -59 -59	

22 -62 -58 -60	

23 -59 -58 -58.5	

24 -59 -58 -58.5	

25 -59 -57 -58	

26 -58 -57 -57.5	

27 -58 -56 -57	

28 -58 -55 -56.5	

29 -58 -55 -56.5	

30 -56 -55 -55.5	

31 -56 -55 -55.5	

32 -56 -58 -57	

33 -56 -58 -57	

34 -56 -58 -57	

35 -56 -58 -57	

36 -55 -58 -56.5	

37 -55 -60 -57.5	

38 -55 -61 -58	

39 -55 -62 -58.5	

40 -55 -62 -58.5	

41 -55 -62 -58.5	

42 -56 -62 -59	

43 -56 -67 -61.5	

44 -57 -62 -59.5	

45 -58 -63 -60.5	

46 -59 -66 -62.5	

47 -59 -64 -61.5	

48 -59 -74 -66.5	

49 -61 -74 -67.5	

50 -61 -75 -68	

51 -62 -74 -68	

52 -62 -73 -67.5	

53 -58 -70 -64	

54 -57 -66 -61.5	

55 -60 -65 -62.5	

56 -62 -67 -64.5	

57 -61 -66 -63.5	

58 -57 -68 -62.5	

59 -59 -66 -62.5	

60 -56 -65 -60.5	

61 -57 -65 -61	

62 -59 -64 -61.5	

63 -59 -68 -63.5	

64 -58 -70 -64	

65 -57 -65 -61	

66 -57 -65 -61	

67 -59 -66 -62.5	

68 -57 -62 -59.5	

69 -57 -61 -59	

70 -58 -61 -59.5	

71 -59 -64 -61.5	

72 -65 -60 -62.5	

73 -70 -56 -63	

74 -67 -55 -61	

75 -62 -55 -58.5	

76 -58 -54 -56	

77 -53 -54 -53.5	

78 -51 -56 -53.5	

79 -53 -52 -52.5	

80 -54 -55 -54.5	

81 -51 -55 -53	

82 -51 -54 -52.5	

83 -50 -55 -52.5	

84 -51 -55 -53	

85 -50 -51 -50.5	

86 -50 -53 -51.5	

87 -50 -50 -50	

88 -50 -53 -51.5	

89 -52 -56 -54	

90 -52 -54 -53	

91 -54 -58 -56	

92 -55 -59 -57	

93 -57 -59 -58	

94 -58 -59 -58.5	

95 -59 -59 -59	

96 -59 -59 -59
#88_9_2
1 -59 -56 -57.5	

2 -58 -56 -57	

3 -58 -56 -57	

4 -58 -56 -57	

5 -58 -56 -57	

6 -58 -56 -57	

7 -58 -56 -57	

8 -58 -56 -57	

9 -57 -56 -56.5	

10 -56 -56 -56	

11 -56 -57 -56.5	

12 -56 -57 -56.5	

13 -56 -58 -57	

14 -58 -59 -58.5	

15 -58 -60 -59	

16 -58 -60 -59	

17 -56 -61 -58.5	

18 -57 -61 -59	

19 -58 -61 -59.5	

20 -60 -60 -60	

21 -64 -60 -62	

22 -66 -60 -63	

23 -61 -64 -62.5	

24 -60 -64 -62	

25 -58 -64 -61	

26 -57 -61 -59	

27 -57 -59 -58	

28 -57 -60 -58.5	

29 -57 -60 -58.5	

30 -57 -60 -58.5	

31 -57 -60 -58.5	

32 -56 -61 -58.5	

33 -56 -61 -58.5	

34 -56 -62 -59	

35 -56 -65 -60.5	

36 -57 -65 -61	

37 -58 -68 -63	

38 -58 -69 -63.5	

39 -60 -69 -64.5	

40 -61 -67 -64	

41 -61 -66 -63.5	

42 -61 -63 -62	

43 -59 -61 -60	

44 -59 -61 -60	

45 -63 -61 -62	

46 -65 -61 -63	

47 -66 -61 -63.5	

48 -63 -61 -62	

49 -66 -61 -63.5	

50 -61 -61 -61	

51 -61 -61 -61	

52 -61 -62 -61.5	

53 -60 -65 -62.5	

54 -62 -64 -63	

55 -63 -62 -62.5	

56 -63 -62 -62.5	

57 -63 -61 -62	

58 -66 -61 -63.5	

59 -65 -58 -61.5	

60 -64 -56 -60	

61 -67 -56 -61.5	

62 -68 -56 -62	

63 -74 -55 -64.5	

64 -73 -55 -64	

65 -71 -58 -64.5	

66 -76 -57 -66.5	

67 -69 -54 -61.5	

68 -63 -54 -58.5	

69 -65 -54 -59.5	

70 -62 -52 -57	

71 -62 -52 -57	

72 -62 -52 -57	

73 -62 -51 -56.5	

74 -62 -51 -56.5	

75 -61 -51 -56	

76 -60 -51 -55.5	

77 -60 -49 -54.5	

78 -60 -49 -54.5	

79 -58 -50 -54	

80 -58 -53 -55.5	

81 -57 -53 -55	

82 -57 -53 -55	

83 -57 -53 -55	

84 -57 -53 -55	

85 -57 -51 -54	

86 -57 -53 -55	

87 -56 -54 -55	

88 -56 -53 -54.5	

89 -56 -56 -56	

90 -56 -56 -56	

91 -55 -56 -55.5	

92 -55 -58 -56.5	

93 -55 -58 -56.5	

94 -60 -58 -59	

95 -62 -60 -61	

96 -62 -62 -62	
#88_10_1
1 -57 -60 -58.5	

2 -58 -60 -59	

3 -58 -60 -59	

4 -61 -60 -60.5	

5 -61 -60 -60.5	

6 -61 -60 -60.5	

7 -61 -60 -60.5	

8 -61 -60 -60.5	

9 -61 -60 -60.5	

10 -61 -59 -60	

11 -61 -57 -59	

12 -60 -57 -58.5	

13 -60 -57 -58.5	

14 -60 -57 -58.5	

15 -59 -57 -58	

16 -59 -57 -58	

17 -59 -57 -58	

18 -58 -57 -57.5	

19 -58 -57 -57.5	

20 -57 -57 -57	

21 -57 -60 -58.5	

22 -59 -60 -59.5	

23 -59 -60 -59.5	

24 -59 -59 -59	

25 -58 -58 -58	

26 -57 -57 -57	

27 -57 -58 -57.5	

28 -57 -58 -57.5	

29 -57 -58 -57.5	

30 -57 -58 -57.5	

31 -57 -58 -57.5	

32 -57 -58 -57.5	

33 -57 -58 -57.5	

34 -57 -56 -56.5	

35 -57 -56 -56.5	

36 -57 -58 -57.5	

37 -57 -58 -57.5	

38 -57 -58 -57.5	

39 -57 -58 -57.5	

40 -57 -58 -57.5	

41 -57 -58 -57.5	

42 -57 -58 -57.5	

43 -57 -59 -58	

44 -57 -60 -58.5	

45 -57 -60 -58.5	

46 -57 -61 -59	

47 -57 -61 -59	

48 -57 -61 -59	

49 -60 -61 -60.5	

50 -61 -61 -61	

51 -61 -61 -61	

52 -60 -61 -60.5	

53 -60 -62 -61	

54 -62 -62 -62	

55 -62 -62 -62	

56 -63 -63 -63	

57 -63 -65 -64	

58 -65 -66 -65.5	

59 -71 -67 -69	

60 -71 -69 -70	

61 -70 -69 -69.5	

62 -75 -72 -73.5	

63 -75 -72 -73.5	

64 -73 -72 -72.5	

65 -70 -70 -70	

66 -64 -68 -66	

67 -64 -65 -64.5	

68 -66 -68 -67	

69 -69 -73 -71	

70 -65 -71 -68	

71 -69 -71 -70	

72 -66 -75 -70.5	

73 -66 -70 -68	

74 -71 -74 -72.5	

75 -67 -71 -69	

76 -65 -60 -62.5	

77 -71 -61 -66	

78 -75 -64 -69.5	

79 -75 -63 -69	

80 -66 -61 -63.5	

81 -63 -60 -61.5	

82 -65 -61 -63	

83 -60 -61 -60.5	

84 -58 -62 -60	

85 -59 -62 -60.5	

86 -62 -60 -61	

87 -61 -60 -60.5	

88 -61 -60 -60.5	

89 -61 -60 -60.5	

90 -60 -58 -59	

91 -60 -58 -59	

92 -60 -58 -59	

93 -60 -60 -60	

94 -60 -59 -59.5	

95 -59 -59 -59	

96 -59 -59 -59
#88_10_2
1 -58 -58 -58	

2 -60 -58 -59	

3 -60 -58 -59	

4 -60 -58 -59	

5 -60 -58 -59	

6 -59 -58 -58.5	

7 -59 -58 -58.5	

8 -59 -58 -58.5	

9 -59 -58 -58.5	

10 -58 -58 -58	

11 -58 -59 -58.5	

12 -58 -59 -58.5	

13 -58 -59 -58.5	

14 -58 -59 -58.5	

15 -59 -59 -59	

16 -59 -59 -59	

17 -59 -60 -59.5	

18 -59 -60 -59.5	

19 -60 -60 -60	

20 -61 -60 -60.5	

21 -61 -60 -60.5	

22 -61 -59 -60	

23 -61 -59 -60	

24 -61 -58 -59.5	

25 -60 -58 -59	

26 -60 -58 -59	

27 -60 -58 -59	

28 -60 -58 -59	

29 -58 -58 -58	

30 -56 -58 -57	

31 -56 -58 -57	

32 -57 -58 -57.5	

33 -59 -59 -59	

34 -59 -59 -59	

35 -59 -59 -59	

36 -59 -60 -59.5	

37 -59 -60 -59.5	

38 -59 -60 -59.5	

39 -59 -60 -59.5	

40 -62 -61 -61.5	

41 -62 -62 -62	

42 -64 -63 -63.5	

43 -66 -63 -64.5	

44 -67 -65 -66	

45 -67 -66 -66.5	

46 -67 -66 -66.5	

47 -67 -66 -66.5	

48 -67 -67 -67	

49 -70 -67 -68.5	

50 -70 -67 -68.5	

51 -70 -67 -68.5	

52 -68 -68 -68	

53 -71 -68 -69.5	

54 -68 -68 -68	

55 -70 -68 -69	

56 -69 -68 -68.5	

57 -62 -68 -65	

58 -63 -68 -65.5	

59 -66 -68 -67	

60 -63 -68 -65.5	

61 -62 -68 -65	

62 -60 -68 -64	

63 -60 -65 -62.5	

64 -58 -64 -61	

65 -58 -64 -61	

66 -58 -64 -61	

67 -58 -65 -61.5	

68 -58 -64 -61	

69 -58 -62 -60	

70 -58 -60 -59	

71 -58 -60 -59	

72 -58 -60 -59	

73 -60 -60 -60	

74 -57 -60 -58.5	

75 -57 -60 -58.5	

76 -57 -60 -58.5	

77 -57 -60 -58.5	

78 -57 -60 -58.5	

79 -57 -60 -58.5	

80 -57 -60 -58.5	

81 -57 -60 -58.5	

82 -57 -58 -57.5	

83 -57 -56 -56.5	

84 -57 -58 -57.5	

85 -57 -59 -58	

86 -58 -63 -60.5	

87 -58 -61 -59.5	

88 -61 -62 -61.5	

89 -64 -62 -63	

90 -69 -60 -64.5	

91 -69 -62 -65.5	

92 -72 -64 -68	

93 -75 -64 -69.5	

94 -74 -65 -69.5	

95 -64 -65 -64.5	

96 -65 -65 -65	
#88_11_1
1 -62 -59 -60.5	

2 -60 -59 -59.5	

3 -60 -58 -59	

4 -60 -57 -58.5	

5 -60 -57 -58.5	

6 -60 -57 -58.5	

7 -59 -57 -58	

8 -58 -57 -57.5	

9 -58 -57 -57.5	

10 -57 -57 -57	

11 -57 -57 -57	

12 -57 -57 -57	

13 -57 -57 -57	

14 -57 -58 -57.5	

15 -57 -58 -57.5	

16 -57 -59 -58	

17 -57 -59 -58	

18 -57 -59 -58	

19 -58 -59 -58.5	

20 -61 -59 -60	

21 -60 -59 -59.5	

22 -60 -59 -59.5	

23 -60 -59 -59.5	

24 -60 -59 -59.5	

25 -60 -59 -59.5	

26 -59 -58 -58.5	

27 -58 -57 -57.5	

28 -57 -57 -57	

29 -57 -57 -57	

30 -57 -57 -57	

31 -57 -57 -57	

32 -57 -57 -57	

33 -57 -57 -57	

34 -56 -57 -56.5	

35 -56 -57 -56.5	

36 -56 -57 -56.5	

37 -56 -58 -57	

38 -56 -58 -57	

39 -57 -59 -58	

40 -58 -59 -58.5	

41 -59 -60 -59.5	

42 -59 -60 -59.5	

43 -60 -60 -60	

44 -60 -61 -60.5	

45 -60 -61 -60.5	

46 -61 -61 -61	

47 -61 -61 -61	

48 -61 -62 -61.5	

49 -62 -60 -61	

50 -62 -60 -61	

51 -62 -60 -61	

52 -62 -60 -61	

53 -62 -60 -61	

54 -62 -60 -61	

55 -63 -60 -61.5	

56 -63 -60 -61.5	

57 -63 -61 -62	

58 -62 -61 -61.5	

59 -64 -61 -62.5	

60 -64 -61 -62.5	

61 -64 -61 -62.5	

62 -64 -61 -62.5	

63 -65 -61 -63	

64 -65 -61 -63	

65 -65 -65 -65	

66 -65 -63 -64	

67 -65 -63 -64	

68 -65 -64 -64.5	

69 -65 -64 -64.5	

70 -65 -64 -64.5	

71 -65 -64 -64.5	

72 -63 -63 -63	

73 -62 -63 -62.5	

74 -62 -65 -63.5	

75 -62 -66 -64	

76 -61 -65 -63	

77 -60 -65 -62.5	

78 -60 -65 -62.5	

79 -60 -63 -61.5	

80 -60 -63 -61.5	

81 -59 -65 -62	

82 -59 -65 -62	

83 -58 -65 -61.5	

84 -58 -64 -61	

85 -58 -63 -60.5	

86 -58 -61 -59.5	

87 -58 -61 -59.5	

88 -58 -63 -60.5	

89 -58 -62 -60	

90 -58 -62 -60	

91 -60 -62 -61	

92 -60 -62 -61	

93 -65 -60 -62.5	

94 -63 -59 -61	

95 -63 -60 -61.5	

96 -60 -60 -60	
#88_11_2

1 -55 -59 -57	

2 -57 -59 -58	

3 -58 -59 -58.5	

4 -58 -59 -58.5	

5 -58 -59 -58.5	

6 -58 -59 -58.5	

7 -58 -60 -59	

8 -58 -60 -59	

9 -58 -60 -59	

10 -58 -59 -58.5	

11 -58 -59 -58.5	

12 -58 -59 -58.5	

13 -58 -59 -58.5	

14 -58 -59 -58.5	

15 -58 -59 -58.5	

16 -58 -59 -58.5	

17 -58 -59 -58.5	

18 -58 -59 -58.5	

19 -59 -59 -59	

20 -59 -59 -59	

21 -59 -59 -59	

22 -59 -59 -59	

23 -59 -59 -59	

24 -59 -59 -59	

25 -59 -57 -58	

26 -59 -57 -58	

27 -59 -57 -58	

28 -58 -57 -57.5	

29 -58 -57 -57.5	

30 -57 -57 -57	

31 -57 -57 -57	

32 -57 -57 -57	

33 -57 -57 -57	

34 -57 -57 -57	

35 -57 -57 -57	

36 -57 -57 -57	

37 -57 -57 -57	

38 -57 -58 -57.5	

39 -58 -59 -58.5	

40 -58 -60 -59	

41 -59 -61 -60	

42 -59 -61 -60	

43 -62 -61 -61.5	

44 -62 -61 -61.5	

45 -63 -61 -62	

46 -63 -60 -61.5	

47 -64 -60 -62	

48 -63 -60 -61.5	

49 -63 -60 -61.5	

50 -63 -60 -61.5	

51 -63 -60 -61.5	

52 -62 -60 -61	

53 -62 -60 -61	

54 -63 -60 -61.5	

55 -63 -60 -61.5	

56 -63 -60 -61.5	

57 -63 -60 -61.5	

58 -64 -60 -62	

59 -64 -60 -62	

60 -64 -61 -62.5	

61 -65 -63 -64	

62 -68 -63 -65.5	

63 -68 -64 -66	

64 -68 -64 -66	

65 -68 -64 -66	

66 -68 -67 -67.5	

67 -67 -67 -67	

68 -66 -68 -67	

69 -64 -69 -66.5	

70 -64 -68 -66	

71 -64 -66 -65	

72 -62 -66 -64	

73 -59 -65 -62	

74 -59 -66 -62.5	

75 -59 -66 -62.5	

76 -59 -65 -62	

77 -59 -66 -62.5	

78 -58 -66 -62	

79 -57 -64 -60.5	

80 -59 -64 -61.5	

81 -59 -64 -61.5	

82 -58 -67 -62.5	

83 -56 -66 -61	

84 -56 -65 -60.5	

85 -56 -63 -59.5	

86 -57 -62 -59.5	

87 -57 -61 -59	

88 -57 -60 -58.5	

89 -57 -59 -58	

90 -57 -59 -58	

91 -57 -59 -58	

92 -57 -58 -57.5	

93 -57 -57 -57	

94 -57 -57 -57	

95 -57 -57 -57	

96 -57 -57 -57	
#88_12_1
1 -60 -62 -61	

2 -60 -62 -61	

3 -60 -61 -60.5	

4 -60 -60 -60	

5 -60 -60 -60	

6 -59 -60 -59.5	

7 -59 -60 -59.5	

8 -60 -60 -60	

9 -60 -60 -60	

10 -60 -60 -60	

11 -60 -60 -60	

12 -60 -60 -60	

13 -60 -60 -60	

14 -60 -61 -60.5	

15 -60 -61 -60.5	

16 -60 -61 -60.5	

17 -60 -61 -60.5	

18 -60 -61 -60.5	

19 -60 -61 -60.5	

20 -63 -61 -62	

21 -63 -61 -62	

22 -63 -61 -62	

23 -63 -60 -61.5	

24 -63 -59 -61	

25 -63 -59 -61	

26 -62 -59 -60.5	

27 -61 -58 -59.5	

28 -59 -58 -58.5	

29 -59 -58 -58.5	

30 -59 -58 -58.5	

31 -58 -58 -58	

32 -58 -58 -58	

33 -57 -58 -57.5	

34 -57 -58 -57.5	

35 -57 -58 -57.5	

36 -57 -58 -57.5	

37 -57 -58 -57.5	

38 -58 -59 -58.5	

39 -58 -60 -59	

40 -59 -60 -59.5	

41 -59 -60 -59.5	

42 -61 -62 -61.5	

43 -63 -63 -63	

44 -63 -64 -63.5	

45 -65 -64 -64.5	

46 -66 -65 -65.5	

47 -66 -67 -66.5	

48 -66 -66 -66	

49 -68 -67 -67.5	

50 -70 -68 -69	

51 -70 -66 -68	

52 -71 -65 -68	

53 -70 -64 -67	

54 -70 -67 -68.5	

55 -69 -68 -68.5	

56 -69 -72 -70.5	

57 -68 -69 -68.5	

58 -68 -67 -67.5	

59 -68 -67 -67.5	

60 -67 -75 -71	

61 -65 -70 -67.5	

62 -65 -69 -67	

63 -65 -67 -66	

64 -64 -66 -65	

65 -64 -66 -65	

66 -64 -66 -65	

67 -64 -68 -66	

68 -64 -65 -64.5	

69 -65 -63 -64	

70 -64 -62 -63	

71 -66 -62 -64	

72 -69 -62 -65.5	

73 -71 -63 -67	

74 -67 -64 -65.5	

75 -66 -64 -65	

76 -68 -65 -66.5	

77 -69 -67 -68	

78 -68 -67 -67.5	

79 -68 -68 -68	

80 -67 -74 -70.5	

81 -66 -76 -71	

82 -68 -78 -73	

83 -71 -74 -72.5	

84 -70 -66 -68	

85 -69 -67 -68	

86 -63 -64 -63.5	

87 -62 -64 -63	

88 -62 -61 -61.5	

89 -61 -61 -61	

90 -60 -61 -60.5	

91 -59 -58 -58.5	

92 -59 -58 -58.5	

93 -59 -58 -58.5	

94 -59 -58 -58.5	

95 -58 -58 -58	

96 -58 -58 -58	
#88_12_2
1 -62 -63 -62.5	

2 -63 -63 -63	

3 -64 -62 -63	

4 -61 -62 -61.5	

5 -60 -62 -61	

6 -60 -62 -61	

7 -60 -62 -61	

8 -60 -61 -60.5	

9 -60 -61 -60.5	

10 -60 -61 -60.5	

11 -60 -61 -60.5	

12 -60 -61 -60.5	

13 -60 -61 -60.5	

14 -60 -61 -60.5	

15 -60 -62 -61	

16 -61 -62 -61.5	

17 -61 -62 -61.5	

18 -61 -62 -61.5	

19 -61 -62 -61.5	

20 -61 -62 -61.5	

21 -61 -62 -61.5	

22 -61 -61 -61	

23 -61 -61 -61	

24 -60 -60 -60	

25 -59 -59 -59	

26 -59 -59 -59	

27 -58 -59 -58.5	

28 -57 -57 -57	

29 -57 -57 -57	

30 -56 -57 -56.5	

31 -56 -57 -56.5	

32 -56 -57 -56.5	

33 -56 -57 -56.5	

34 -56 -58 -57	

35 -57 -58 -57.5	

36 -57 -59 -58	

37 -57 -60 -58.5	

38 -57 -60 -58.5	

39 -58 -62 -60	

40 -58 -63 -60.5	

41 -60 -63 -61.5	

42 -60 -63 -61.5	

43 -62 -68 -65	

44 -62 -69 -65.5	

45 -65 -68 -66.5	

46 -67 -68 -67.5	

47 -68 -67 -67.5	

48 -71 -67 -69	

49 -73 -67 -70	

50 -73 -67 -70	

51 -72 -66 -69	

52 -68 -65 -66.5	

53 -69 -66 -67.5	

54 -66 -64 -65	

55 -68 -65 -66.5	

56 -67 -65 -66	

57 -65 -64 -64.5	

58 -67 -64 -65.5	

59 -68 -63 -65.5	

60 -68 -63 -65.5	

61 -68 -63 -65.5	

62 -69 -63 -66	

63 -69 -62 -65.5	

64 -69 -63 -66	

65 -70 -63 -66.5	

66 -70 -63 -66.5	

67 -70 -63 -66.5	

68 -68 -63 -65.5	

69 -68 -63 -65.5	

70 -69 -63 -66	

71 -68 -63 -65.5	

72 -67 -64 -65.5	

73 -68 -66 -67	

74 -68 -68 -68	

75 -68 -68 -68	

76 -68 -69 -68.5	

77 -68 -69 -68.5	

78 -69 -69 -69	

79 -71 -69 -70	

80 -71 -72 -71.5	

81 -74 -70 -72	

82 -75 -69 -72	

83 -76 -71 -73.5	

84 -77 -68 -72.5	

85 -74 -71 -72.5	

86 -70 -65 -67.5	

87 -67 -62 -64.5	

88 -67 -62 -64.5	

89 -66 -63 -64.5	

90 -65 -63 -64	

91 -63 -60 -61.5	

92 -62 -60 -61	

93 -61 -60 -60.5	

94 -60 -60 -60	

95 -60 -60 -60	

96 -60 -60 -60








