#96_1_1
1 -47 -48 -47.5	

2 -46 -48 -47	

3 -47 -48 -47.5	

4 -47 -47 -47	

5 -47 -46 -46.5	

6 -44 -46 -45	

7 -43 -45 -44	

8 -43 -44 -43.5	

9 -43 -43 -43	

10 -43 -43 -43	

11 -43 -42 -42.5	

12 -43 -41 -42	

13 -43 -41 -42	

14 -43 -41 -42	

15 -43 -41 -42	

16 -43 -40 -41.5	

17 -43 -40 -41.5	

18 -43 -40 -41.5	

19 -43 -40 -41.5	

20 -43 -40 -41.5	

21 -42 -40 -41	

22 -42 -40 -41	

23 -42 -40 -41	

24 -42 -40 -41	

25 -42 -40 -41	

26 -42 -40 -41	

27 -42 -39 -40.5	

28 -42 -39 -40.5	

29 -42 -39 -40.5	

30 -42 -39 -40.5	

31 -42 -39 -40.5	

32 -41 -39 -40	

33 -41 -39 -40	

34 -41 -39 -40	

35 -41 -40 -40.5	

36 -41 -40 -40.5	

37 -42 -40 -41	

38 -42 -41 -41.5	

39 -43 -42 -42.5	

40 -43 -43 -43	

41 -44 -43 -43.5	

42 -44 -44 -44	

43 -45 -45 -45	

44 -47 -47 -47	

45 -48 -47 -47.5	

46 -49 -49 -49	

47 -53 -52 -52.5	

48 -54 -52 -53	

49 -56 -55 -55.5	

50 -58 -55 -56.5	

51 -58 -55 -56.5	

52 -58 -54 -56	

53 -58 -53 -55.5	

54 -59 -54 -56.5	

55 -58 -54 -56	

56 -58 -53 -55.5	

57 -58 -53 -55.5	

58 -58 -53 -55.5	

59 -58 -52 -55	

60 -57 -51 -54	

61 -55 -51 -53	

62 -53 -49 -51	

63 -52 -47 -49.5	

64 -50 -45 -47.5	

65 -48 -45 -46.5	

66 -47 -43 -45	

67 -45 -41 -43	

68 -45 -41 -43	

69 -43 -40 -41.5	

70 -42 -39 -40.5	

71 -42 -39 -40.5	

72 -41 -38 -39.5	

73 -41 -38 -39.5	

74 -41 -38 -39.5	

75 -40 -38 -39	

76 -40 -38 -39	

77 -40 -38 -39	

78 -39 -38 -38.5	

79 -39 -38 -38.5	

80 -38 -38 -38	

81 -38 -38 -38	

82 -38 -38 -38	

83 -38 -38 -38	

84 -38 -38 -38	

85 -38 -38 -38	

86 -38 -38 -38	

87 -38 -38 -38	

88 -38 -38 -38	

89 -37 -39 -38	

90 -37 -39 -38	

91 -38 -39 -38.5	

92 -39 -40 -39.5	

93 -39 -41 -40	

94 -40 -42 -41	

95 -44 -45 -44.5	

96 -45 -45 -45
#96_1_2
1 -53 -47 -50	

2 -53 -47 -50	

3 -53 -48 -50.5	

4 -53 -48 -50.5	

5 -52 -49 -50.5	

6 -53 -49 -51	

7 -51 -51 -51	

8 -52 -50 -51	

9 -52 -52 -52	

10 -52 -53 -52.5	

11 -51 -54 -52.5	

12 -51 -54 -52.5	

13 -51 -54 -52.5	

14 -50 -53 -51.5	

15 -48 -52 -50	

16 -47 -50 -48.5	

17 -45 -46 -45.5	

18 -45 -44 -44.5	

19 -43 -44 -43.5	

20 -42 -41 -41.5	

21 -42 -41 -41.5	

22 -40 -40 -40	

23 -39 -40 -39.5	

24 -38 -37 -37.5	

25 -38 -36 -37	

26 -38 -36 -37	

27 -38 -35 -36.5	

28 -36 -35 -35.5	

29 -36 -35 -35.5	

30 -36 -35 -35.5	

31 -36 -35 -35.5	

32 -35 -36 -35.5	

33 -35 -39 -37	

34 -35 -49 -42	

35 -35 -39 -37	

36 -35 -35 -35	

37 -35 -35 -35	

38 -35 -35 -35	

39 -35 -35 -35	

40 -36 -35 -35.5	

41 -36 -35 -35.5	

42 -36 -36 -36	

43 -37 -36 -36.5	

44 -37 -36 -36.5	

45 -38 -36 -37	

46 -39 -37 -38	

47 -39 -37 -38	

48 -40 -38 -39	

49 -40 -38 -39	

50 -40 -38 -39	

51 -40 -39 -39.5	

52 -41 -40 -40.5	

53 -42 -40 -41	

54 -43 -41 -42	

55 -43 -42 -42.5	

56 -43 -42 -42.5	

57 -44 -46 -45	

58 -45 -49 -47	

59 -46 -49 -47.5	

60 -46 -50 -48	

61 -47 -51 -49	

62 -44 -50 -47	

63 -44 -50 -47	

64 -43 -49 -46	

65 -40 -50 -45	

66 -40 -48 -44	

67 -38 -50 -44	

68 -37 -47 -42	

69 -37 -47 -42	

70 -37 -49 -43	

71 -37 -54 -45.5	

72 -39 -57 -48	

73 -43 -52 -47.5	

74 -55 -48 -51.5	

75 -47 -43 -45	

76 -45 -42 -43.5	

77 -42 -39 -40.5	

78 -40 -36 -38	

79 -36 -33 -34.5	

80 -34 -31 -32.5	

81 -31 -27 -29	

82 -29 -26 -27.5	

83 -28 -25 -26.5	

84 -24 -24 -24	

85 -21 -22 -21.5	

86 -20 -22 -21	

87 -19 -19 -19	

88 -19 -19 -19	

89 -19 -19 -19	

90 -19 -18 -18.5	

91 -19 -18 -18.5	

92 -19 -18 -18.5	

93 -19 -18 -18.5	

94 -19 -18 -18.5	

95 -19 -18 -18.5	

96 -18 -18 -18	
#96_2_1
1 -44 -53 -48.5
2 -47 -52 -49.5
3 -52 -49 -50.5
4 -52 -48 -50
5 -52 -47 -49.5
6 -52 -47 -49.5
7 -52 -47 -49.5
8 -52 -47 -49.5
9 -52 -47 -49.5
10 -52 -47 -49.5
11 -52 -47 -49.5
12 -52 -47 -49.5
13 -53 -47 -50
14 -53 -47 -50
15 -53 -47 -50
16 -54 -47 -50.5
17 -54 -47 -50.5
18 -53 -46 -49.5
19 -51 -46 -48.5
20 -48 -45 -46.5
21 -48 -45 -46.5
22 -46 -44 -45
23 -46 -44 -45
24 -44 -43 -43.5
25 -43 -42 -42.5
26 -42 -42 -42
27 -42 -42 -42
28 -41 -40 -40.5
29 -40 -40 -40
30 -40 -40 -40
31 -39 -39 -39
32 -39 -39 -39
33 -39 -39 -39
34 -39 -39 -39
35 -39 -39 -39
36 -39 -41 -40
37 -39 -42 -40.5
38 -39 -41 -40
39 -39 -41 -40
40 -39 -40 -39.5
41 -40 -46 -43
42 -43 -41 -42
43 -43 -39 -41
44 -43 -40 -41.5
45 -43 -40 -41.5
46 -44 -40 -42
47 -45 -41 -43
48 -45 -44 -44.5
49 -45 -45 -45
50 -45 -42 -43.5
51 -45 -43 -44
52 -46 -45 -45.5
53 -46 -43 -44.5
54 -45 -43 -44
55 -45 -45 -45
56 -44 -44 -44
57 -44 -47 -45.5
58 -43 -46 -44.5
59 -43 -48 -45.5
60 -42 -53 -47.5
61 -42 -51 -46.5
62 -42 -46 -44
63 -42 -42 -42
64 -41 -45 -43
65 -40 -42 -41
66 -40 -41 -40.5
67 -40 -40 -40
68 -40 -41 -40.5
69 -40 -41 -40.5
70 -40 -41 -40.5
71 -40 -42 -41
72 -40 -45 -42.5
73 -38 -48 -43
74 -38 -53 -45.5
75 -37 -57 -47
76 -36 -54 -45
77 -42 -48 -45
78 -50 -44 -47
79 -58 -44 -51
80 -54 -41 -47.5
81 -51 -41 -46
82 -39 -40 -39.5
83 -36 -40 -38
84 -33 -40 -36.5
85 -39 -40 -39.5
86 -35 -40 -37.5
87 -33 -40 -36.5
88 -33 -40 -36.5
89 -33 -41 -37
90 -35 -38 -36.5
91 -35 -35 -35
92 -35 -33 -34
93 -35 -31 -33
94 -36 -34 -35
95 -36 -31 -33.5
96 -32 -32 -32
#96_3_1

1 -53 -73 -63
2 -59 -68 -63.5
3 -62 -64 -63
4 -62 -64 -63
5 -62 -58 -60
6 -63 -58 -60.5
7 -63 -56 -59.5
8 -61 -56 -58.5
9 -59 -54 -56.5
10 -57 -54 -55.5
11 -57 -53 -55
12 -57 -51 -54
13 -57 -50 -53.5
14 -53 -49 -51
15 -52 -49 -50.5
16 -51 -49 -50
17 -51 -49 -50
18 -51 -49 -50
19 -51 -49 -50
20 -51 -49 -50
21 -50 -49 -49.5
22 -50 -49 -49.5
23 -50 -49 -49.5
24 -50 -48 -49
25 -49 -48 -48.5
26 -49 -48 -48.5
27 -48 -48 -48
28 -48 -47 -47.5
29 -48 -47 -47.5
30 -47 -46 -46.5
31 -47 -46 -46.5
32 -47 -46 -46.5
33 -47 -46 -46.5
34 -47 -46 -46.5
35 -50 -46 -48
36 -50 -47 -48.5
37 -51 -47 -49
38 -52 -47 -49.5
39 -54 -48 -51
40 -55 -48 -51.5
41 -56 -49 -52.5
42 -58 -50 -54
43 -58 -52 -55
44 -58 -53 -55.5
45 -58 -55 -56.5
46 -58 -58 -58
47 -58 -60 -59
48 -56 -62 -59
49 -56 -65 -60.5
50 -54 -71 -62.5
51 -52 -74 -63
52 -51 -65 -58
53 -51 -62 -56.5
54 -50 -57 -53.5
55 -50 -55 -52.5
56 -49 -53 -51
57 -48 -53 -50.5
58 -48 -53 -50.5
59 -48 -53 -50.5
60 -48 -56 -52
61 -48 -49 -48.5
62 -47 -49 -48
63 -47 -49 -48
64 -47 -48 -47.5
65 -47 -48 -47.5
66 -47 -47 -47
67 -49 -47 -48
68 -49 -47 -48
69 -49 -46 -47.5
70 -50 -46 -48
71 -53 -45 -49
72 -53 -45 -49
73 -54 -45 -49.5
74 -54 -44 -49
75 -54 -44 -49
76 -54 -46 -50
77 -53 -46 -49.5
78 -52 -47 -49.5
79 -52 -47 -49.5
80 -52 -48 -50
81 -52 -49 -50.5
82 -53 -50 -51.5
83 -53 -51 -52
84 -53 -52 -52.5
85 -55 -56 -55.5
86 -56 -59 -57.5
87 -57 -63 -60
88 -58 -67 -62.5
89 -58 -67 -62.5
90 -58 -60 -59
91 -58 -58 -58
92 -57 -56 -56.5
93 -56 -54 -55
94 -54 -53 -53.5
95 -53 -52 -52.5
96 -51 -51 -51
#96_3_2


1 -51 -58 -54.5
2 -61 -58 -59.5
3 -63 -58 -60.5
4 -67 -58 -62.5
5 -64 -56 -60
6 -62 -55 -58.5
7 -60 -53 -56.5
8 -58 -52 -55
9 -56 -49 -52.5
10 -55 -48 -51.5
11 -53 -48 -50.5
12 -51 -48 -49.5
13 -51 -48 -49.5
14 -51 -48 -49.5
15 -50 -48 -49
16 -50 -48 -49
17 -49 -46 -47.5
18 -49 -45 -47
19 -48 -45 -46.5
20 -48 -44 -46
21 -48 -43 -45.5
22 -48 -42 -45
23 -48 -41 -44.5
24 -48 -40 -44
25 -48 -40 -44
26 -48 -39 -43.5
27 -47 -38 -42.5
28 -47 -38 -42.5
29 -47 -38 -42.5
30 -47 -38 -42.5
31 -47 -38 -42.5
32 -47 -38 -42.5
33 -47 -38 -42.5
34 -48 -40 -44
35 -50 -40 -45
36 -50 -40 -45
37 -52 -40 -46
38 -52 -41 -46.5
39 -54 -42 -48
40 -55 -42 -48.5
41 -56 -43 -49.5
42 -58 -45 -51.5
43 -58 -45 -51.5
44 -55 -47 -51
45 -49 -47 -48
46 -51 -49 -50
47 -54 -51 -52.5
48 -54 -51 -52.5
49 -54 -52 -53
50 -53 -53 -53
51 -53 -53 -53
52 -51 -53 -52
53 -50 -53 -51.5
54 -50 -53 -51.5
55 -49 -53 -51
56 -48 -52 -50
57 -48 -49 -48.5
58 -47 -47 -47
59 -47 -46 -46.5
60 -47 -46 -46.5
61 -47 -46 -46.5
62 -47 -45 -46
63 -47 -44 -45.5
64 -47 -44 -45.5
65 -43 -44 -43.5
66 -43 -44 -43.5
67 -43 -44 -43.5
68 -42 -44 -43
69 -44 -44 -44
70 -45 -44 -44.5
71 -43 -43 -43
72 -41 -43 -42
73 -39 -43 -41
74 -39 -47 -43
75 -39 -41 -40
76 -39 -41 -40
77 -39 -41 -40
78 -39 -41 -40
79 -38 -41 -39.5
80 -38 -41 -39.5
81 -38 -42 -40
82 -38 -42 -40
83 -38 -43 -40.5
84 -38 -43 -40.5
85 -38 -44 -41
86 -39 -44 -41.5
87 -41 -46 -43.5
88 -41 -46 -43.5
89 -41 -47 -44
90 -42 -49 -45.5
91 -43 -49 -46
92 -45 -50 -47.5
93 -45 -51 -48
94 -47 -54 -50.5
95 -49 -54 -51.5
96 -54 -54 -54
#96_4_1


1 -51 -57 -54
2 -57 -57 -57
3 -53 -57 -55
4 -53 -57 -55
5 -53 -58 -55.5
6 -53 -58 -55.5
7 -54 -59 -56.5
8 -54 -59 -56.5
9 -54 -56 -55
10 -54 -56 -55
11 -54 -56 -55
12 -54 -56 -55
13 -53 -56 -54.5
14 -53 -56 -54.5
15 -51 -56 -53.5
16 -51 -56 -53.5
17 -51 -55 -53
18 -51 -54 -52.5
19 -51 -54 -52.5
20 -51 -54 -52.5
21 -51 -53 -52
22 -51 -51 -51
23 -50 -50 -50
24 -50 -48 -49
25 -50 -48 -49
26 -50 -48 -49
27 -50 -48 -49
28 -50 -48 -49
29 -49 -48 -48.5
30 -49 -48 -48.5
31 -49 -48 -48.5
32 -48 -48 -48
33 -48 -48 -48
34 -48 -48 -48
35 -48 -49 -48.5
36 -48 -49 -48.5
37 -48 -50 -49
38 -49 -50 -49.5
39 -50 -51 -50.5
40 -50 -52 -51
41 -51 -55 -53
42 -51 -58 -54.5
43 -52 -60 -56
44 -53 -64 -58.5
45 -54 -68 -61
46 -57 -71 -64
47 -58 -66 -62
48 -63 -61 -62
49 -68 -58 -63
50 -70 -56 -63
51 -65 -55 -60
52 -62 -54 -58
53 -60 -54 -57
54 -57 -54 -55.5
55 -57 -53 -55
56 -58 -53 -55.5
57 -57 -52 -54.5
58 -57 -52 -54.5
59 -56 -52 -54
60 -56 -52 -54
61 -54 -52 -53
62 -55 -51 -53
63 -55 -51 -53
64 -55 -51 -53
65 -55 -51 -53
66 -55 -51 -53
67 -55 -51 -53
68 -56 -50 -53
69 -56 -50 -53
70 -56 -50 -53
71 -56 -50 -53
72 -56 -50 -53
73 -56 -50 -53
74 -55 -51 -53
75 -53 -51 -52
76 -52 -51 -51.5
77 -52 -51 -51.5
78 -52 -52 -52
79 -52 -52 -52
80 -52 -53 -52.5
81 -54 -57 -55.5
82 -54 -56 -55
83 -57 -56 -56.5
84 -58 -56 -57
85 -61 -56 -58.5
86 -61 -55 -58
87 -60 -54 -57
88 -58 -54 -56
89 -56 -54 -55
90 -55 -52 -53.5
91 -54 -52 -53
92 -52 -50 -51
93 -51 -50 -50.5
94 -51 -50 -50.5
95 -51 -50 -50.5
96 -51 -51 -51
#96_4_2



1 -53 -53 -53
2 -53 -52 -52.5
3 -53 -51 -52
4 -53 -51 -52
5 -53 -51 -52
6 -52 -51 -51.5
7 -51 -51 -51
8 -51 -51 -51
9 -51 -52 -51.5
10 -52 -52 -52
11 -52 -52 -52
12 -52 -52 -52
13 -52 -52 -52
14 -53 -54 -53.5
15 -53 -55 -54
16 -53 -55 -54
17 -53 -55 -54
18 -53 -55 -54
19 -53 -55 -54
20 -53 -54 -53.5
21 -53 -54 -53.5
22 -53 -54 -53.5
23 -53 -53 -53
24 -53 -52 -52.5
25 -50 -49 -49.5
26 -50 -48 -49
27 -50 -48 -49
28 -49 -48 -48.5
29 -48 -47 -47.5
30 -47 -47 -47
31 -47 -47 -47
32 -47 -47 -47
33 -46 -47 -46.5
34 -46 -47 -46.5
35 -46 -47 -46.5
36 -46 -47 -46.5
37 -46 -47 -46.5
38 -46 -47 -46.5
39 -46 -48 -47
40 -46 -48 -47
41 -46 -49 -47.5
42 -49 -49 -49
43 -49 -49 -49
44 -49 -50 -49.5
45 -51 -51 -51
46 -53 -53 -53
47 -54 -55 -54.5
48 -55 -57 -56
49 -55 -58 -56.5
50 -55 -58 -56.5
51 -55 -57 -56
52 -55 -55 -55
53 -55 -54 -54.5
54 -55 -53 -54
55 -55 -52 -53.5
56 -53 -52 -52.5
57 -53 -52 -52.5
58 -53 -52 -52.5
59 -53 -52 -52.5
60 -53 -53 -53
61 -53 -54 -53.5
62 -53 -54 -53.5
63 -51 -55 -53
64 -51 -56 -53.5
65 -50 -57 -53.5
66 -50 -58 -54
67 -49 -64 -56.5
68 -50 -66 -58
69 -49 -68 -58.5
70 -49 -65 -57
71 -49 -62 -55.5
72 -49 -58 -53.5
73 -49 -57 -53
74 -49 -56 -52.5
75 -49 -55 -52
76 -49 -54 -51.5
77 -49 -54 -51.5
78 -52 -54 -53
79 -53 -54 -53.5
80 -53 -54 -53.5
81 -53 -53 -53
82 -53 -53 -53
83 -52 -53 -52.5
84 -56 -55 -55.5
85 -53 -55 -54
86 -52 -55 -53.5
87 -53 -55 -54
88 -54 -55 -54.5
89 -54 -57 -55.5
90 -56 -58 -57
91 -57 -59 -58
92 -58 -60 -59
93 -60 -61 -60.5
94 -62 -63 -62.5
95 -65 -66 -65.5
96 -68 -68 -68
#96_5_1


1 -56 -57 -56.5
2 -56 -56 -56
3 -56 -55 -55.5
4 -56 -55 -55.5
5 -56 -55 -55.5
6 -56 -55 -55.5
7 -56 -56 -56
8 -56 -56 -56
9 -56 -56 -56
10 -56 -56 -56
11 -56 -56 -56
12 -57 -56 -56.5
13 -57 -57 -57
14 -58 -57 -57.5
15 -58 -57 -57.5
16 -58 -57 -57.5
17 -58 -57 -57.5
18 -59 -57 -58
19 -59 -57 -58
20 -59 -57 -58
21 -59 -57 -58
22 -59 -57 -58
23 -59 -57 -58
24 -58 -56 -57
25 -58 -55 -56.5
26 -57 -53 -55
27 -57 -53 -55
28 -56 -53 -54.5
29 -56 -53 -54.5
30 -55 -53 -54
31 -54 -53 -53.5
32 -53 -53 -53
33 -52 -53 -52.5
34 -52 -53 -52.5
35 -52 -54 -53
36 -52 -54 -53
37 -51 -54 -52.5
38 -51 -55 -53
39 -51 -56 -53.5
40 -51 -56 -53.5
41 -52 -56 -54
42 -52 -56 -54
43 -53 -60 -56.5
44 -53 -58 -55.5
45 -54 -58 -56
46 -56 -58 -57
47 -56 -58 -57
48 -56 -58 -57
49 -57 -58 -57.5
50 -57 -58 -57.5
51 -57 -58 -57.5
52 -57 -58 -57.5
53 -57 -58 -57.5
54 -57 -58 -57.5
55 -57 -56 -56.5
56 -57 -56 -56.5
57 -57 -56 -56.5
58 -56 -56 -56
59 -56 -56 -56
60 -56 -56 -56
61 -56 -56 -56
62 -56 -56 -56
63 -56 -56 -56
64 -57 -56 -56.5
65 -57 -56 -56.5
66 -57 -56 -56.5
67 -59 -56 -57.5
68 -59 -56 -57.5
69 -61 -56 -58.5
70 -62 -56 -59
71 -62 -55 -58.5
72 -62 -55 -58.5
73 -64 -54 -59
74 -65 -54 -59.5
75 -66 -54 -60
76 -66 -54 -60
77 -66 -54 -60
78 -66 -54 -60
79 -66 -54 -60
80 -64 -54 -59
81 -62 -54 -58
82 -61 -54 -57.5
83 -61 -54 -57.5
84 -61 -54 -57.5
85 -60 -54 -57
86 -60 -54 -57
87 -57 -54 -55.5
88 -56 -53 -54.5
89 -55 -53 -54
90 -54 -52 -53
91 -52 -52 -52
92 -51 -51 -51
93 -51 -51 -51
94 -51 -50 -50.5
95 -50 -50 -50
96 -50 -50 -50
#96_5_2


1 -54 -56 -55
2 -56 -56 -56
3 -56 -55 -55.5
4 -56 -56 -56
5 -56 -56 -56
6 -56 -56 -56
7 -56 -56 -56
8 -55 -56 -55.5
9 -55 -57 -56
10 -55 -58 -56.5
11 -55 -59 -57
12 -55 -59 -57
13 -55 -59 -57
14 -55 -60 -57.5
15 -55 -60 -57.5
16 -55 -61 -58
17 -55 -63 -59
18 -56 -63 -59.5
19 -56 -66 -61
20 -57 -66 -61.5
21 -57 -65 -61
22 -57 -63 -60
23 -57 -60 -58.5
24 -57 -59 -58
25 -57 -56 -56.5
26 -57 -56 -56.5
27 -57 -53 -55
28 -57 -53 -55
29 -57 -51 -54
30 -57 -51 -54
31 -55 -51 -53
32 -55 -51 -53
33 -55 -51 -53
34 -55 -51 -53
35 -54 -51 -52.5
36 -54 -51 -52.5
37 -53 -51 -52
38 -52 -51 -51.5
39 -51 -53 -52
40 -51 -55 -53
41 -52 -56 -54
42 -52 -57 -54.5
43 -53 -57 -55
44 -54 -58 -56
45 -54 -59 -56.5
46 -54 -60 -57
47 -55 -61 -58
48 -55 -61 -58
49 -56 -61 -58.5
50 -56 -61 -58.5
51 -56 -61 -58.5
52 -56 -60 -58
53 -56 -59 -57.5
54 -56 -59 -57.5
55 -56 -58 -57
56 -56 -57 -56.5
57 -56 -57 -56.5
58 -56 -57 -56.5
59 -56 -57 -56.5
60 -56 -56 -56
61 -56 -55 -55.5
62 -56 -55 -55.5
63 -57 -55 -56
64 -59 -54 -56.5
65 -59 -54 -56.5
66 -60 -54 -57
67 -60 -54 -57
68 -62 -54 -58
69 -62 -54 -58
70 -62 -54 -58
71 -64 -54 -59
72 -65 -54 -59.5
73 -65 -54 -59.5
74 -66 -54 -60
75 -68 -53 -60.5
76 -66 -53 -59.5
77 -63 -53 -58
78 -63 -53 -58
79 -62 -53 -57.5
80 -62 -53 -57.5
81 -68 -52 -60
82 -69 -52 -60.5
83 -69 -52 -60.5
84 -63 -52 -57.5
85 -59 -52 -55.5
86 -58 -52 -55
87 -56 -52 -54
88 -55 -52 -53.5
89 -54 -52 -53
90 -52 -52 -52
91 -51 -51 -51
92 -51 -51 -51
93 -51 -51 -51
94 -51 -51 -51
95 -50 -50 -50
96 -50 -50 -50
#96_6_1


1 -58 -58 -58
2 -58 -58 -58
3 -58 -58 -58
4 -58 -58 -58
5 -58 -57 -57.5
6 -58 -57 -57.5
7 -58 -57 -57.5
8 -58 -57 -57.5
9 -58 -57 -57.5
10 -58 -57 -57.5
11 -58 -57 -57.5
12 -58 -57 -57.5
13 -58 -57 -57.5
14 -58 -57 -57.5
15 -58 -57 -57.5
16 -58 -57 -57.5
17 -58 -57 -57.5
18 -58 -57 -57.5
19 -57 -57 -57
20 -57 -57 -57
21 -57 -57 -57
22 -57 -57 -57
23 -57 -57 -57
24 -57 -57 -57
25 -57 -57 -57
26 -57 -57 -57
27 -57 -57 -57
28 -57 -57 -57
29 -57 -57 -57
30 -57 -57 -57
31 -57 -57 -57
32 -57 -57 -57
33 -57 -57 -57
34 -57 -57 -57
35 -57 -57 -57
36 -57 -57 -57
37 -57 -57 -57
38 -57 -58 -57.5
39 -57 -58 -57.5
40 -57 -58 -57.5
41 -56 -58 -57
42 -56 -59 -57.5
43 -56 -60 -58
44 -59 -60 -59.5
45 -60 -61 -60.5
46 -61 -61 -61
47 -63 -62 -62.5
48 -65 -62 -63.5
49 -66 -62 -64
50 -70 -62 -66
51 -73 -63 -68
52 -73 -64 -68.5
53 -73 -64 -68.5
54 -73 -64 -68.5
55 -70 -64 -67
56 -69 -64 -66.5
57 -67 -64 -65.5
58 -66 -64 -65
59 -64 -63 -63.5
60 -64 -63 -63.5
61 -64 -62 -63
62 -62 -61 -61.5
63 -61 -60 -60.5
64 -61 -59 -60
65 -60 -59 -59.5
66 -59 -58 -58.5
67 -59 -57 -58
68 -59 -57 -58
69 -59 -57 -58
70 -59 -57 -58
71 -59 -57 -58
72 -59 -57 -58
73 -59 -57 -58
74 -59 -57 -58
75 -59 -57 -58
76 -59 -57 -58
77 -59 -57 -58
78 -59 -57 -58
79 -59 -58 -58.5
80 -59 -59 -59
81 -61 -59 -60
82 -61 -59 -60
83 -62 -60 -61
84 -63 -61 -62
85 -66 -61 -63.5
86 -67 -61 -64
87 -68 -63 -65.5
88 -68 -64 -66
89 -67 -64 -65.5
90 -67 -64 -65.5
91 -65 -64 -64.5
92 -64 -63 -63.5
93 -62 -61 -61.5
94 -61 -61 -61
95 -60 -60 -60
96 -60 -60 -60
#96_6_2


1 -58 -59 -58.5
2 -57 -59 -58
3 -57 -59 -58
4 -57 -58 -57.5
5 -57 -58 -57.5
6 -57 -58 -57.5
7 -57 -58 -57.5
8 -57 -58 -57.5
9 -56 -57 -56.5
10 -56 -57 -56.5
11 -56 -57 -56.5
12 -56 -57 -56.5
13 -56 -57 -56.5
14 -56 -57 -56.5
15 -56 -57 -56.5
16 -56 -57 -56.5
17 -56 -57 -56.5
18 -56 -57 -56.5
19 -56 -57 -56.5
20 -56 -57 -56.5
21 -56 -57 -56.5
22 -56 -57 -56.5
23 -56 -57 -56.5
24 -56 -57 -56.5
25 -56 -56 -56
26 -56 -56 -56
27 -56 -56 -56
28 -56 -56 -56
29 -56 -56 -56
30 -56 -56 -56
31 -56 -56 -56
32 -56 -56 -56
33 -57 -56 -56.5
34 -57 -56 -56.5
35 -57 -56 -56.5
36 -57 -56 -56.5
37 -58 -57 -57.5
38 -58 -57 -57.5
39 -59 -57 -58
40 -59 -57 -58
41 -61 -57 -59
42 -62 -58 -60
43 -62 -58 -60
44 -62 -58 -60
45 -62 -58 -60
46 -63 -59 -61
47 -63 -59 -61
48 -63 -59 -61
49 -63 -60 -61.5
50 -63 -60 -61.5
51 -63 -60 -61.5
52 -63 -60 -61.5
53 -63 -60 -61.5
54 -63 -60 -61.5
55 -63 -60 -61.5
56 -64 -60 -62
57 -64 -60 -62
58 -64 -60 -62
59 -64 -60 -62
60 -64 -60 -62
61 -62 -60 -61
62 -62 -58 -60
63 -62 -57 -59.5
64 -62 -56 -59
65 -61 -56 -58.5
66 -59 -56 -57.5
67 -58 -55 -56.5
68 -58 -55 -56.5
69 -57 -55 -56
70 -56 -55 -55.5
71 -56 -55 -55.5
72 -56 -55 -55.5
73 -55 -55 -55
74 -55 -55 -55
75 -55 -56 -55.5
76 -55 -57 -56
77 -54 -58 -56
78 -54 -58 -56
79 -54 -58 -56
80 -54 -58 -56
81 -54 -59 -56.5
82 -54 -59 -56.5
83 -54 -59 -56.5
84 -55 -59 -57
85 -56 -59 -57.5
86 -56 -60 -58
87 -57 -60 -58.5
88 -59 -61 -60
89 -60 -61 -60.5
90 -61 -63 -62
91 -63 -63 -63
92 -64 -65 -64.5
93 -66 -66 -66
94 -71 -70 -70.5
95 -72 -71 -71.5
96 -71 -71 -71


#96_7_1
1 -55 -58 -56.5	

2 -63 -58 -60.5	

3 -61 -58 -59.5	

4 -60 -58 -59	

5 -59 -58 -58.5	

6 -59 -59 -59	

7 -58 -58 -58	

8 -58 -57 -57.5	

9 -57 -57 -57	

10 -57 -57 -57	

11 -56 -57 -56.5	

12 -56 -57 -56.5	

13 -56 -57 -56.5	

14 -56 -57 -56.5	

15 -56 -58 -57	

16 -56 -58 -57	

17 -56 -58 -57	

18 -56 -58 -57	

19 -56 -58 -57	

20 -56 -58 -57	

21 -56 -58 -57	

22 -56 -58 -57	

23 -56 -58 -57	

24 -56 -58 -57	

25 -56 -56 -56	

26 -57 -55 -56	

27 -57 -55 -56	

28 -57 -55 -56	

29 -57 -55 -56	

30 -57 -55 -56	

31 -57 -55 -56	

32 -57 -54 -55.5	

33 -57 -54 -55.5	

34 -57 -54 -55.5	

35 -57 -53 -55	

36 -57 -56 -56.5	

37 -57 -57 -57	

38 -57 -57 -57	

39 -57 -57 -57	

40 -58 -57 -57.5	

41 -58 -58 -58	

42 -58 -58 -58	

43 -58 -59 -58.5	

44 -58 -59 -58.5	

45 -61 -60 -60.5	

46 -61 -59 -60	

47 -61 -59 -60	

48 -61 -59 -60	

49 -60 -59 -59.5	

50 -60 -59 -59.5	

51 -60 -59 -59.5	

52 -60 -59 -59.5	

53 -60 -59 -59.5	

54 -60 -59 -59.5	

55 -60 -59 -59.5	

56 -58 -59 -58.5	

57 -58 -59 -58.5	

58 -57 -59 -58	

59 -57 -59 -58	

60 -56 -59 -57.5	

61 -55 -59 -57	

62 -55 -59 -57	

63 -55 -58 -56.5	

64 -55 -58 -56.5	

65 -56 -58 -57	

66 -56 -58 -57	

67 -56 -58 -57	

68 -56 -59 -57.5	

69 -56 -60 -58	

70 -56 -61 -58.5	

71 -56 -61 -58.5	

72 -56 -59 -57.5	

73 -56 -57 -56.5	

74 -56 -60 -58	

75 -56 -63 -59.5	

76 -56 -66 -61	

77 -56 -67 -61.5	

78 -56 -62 -59	

79 -56 -63 -59.5	

80 -57 -65 -61	

81 -57 -65 -61	

82 -57 -60 -58.5	

83 -57 -59 -58	

84 -59 -58 -58.5	

85 -61 -56 -58.5	

86 -61 -55 -58	

87 -61 -55 -58	

88 -61 -54 -57.5	

89 -59 -54 -56.5	

90 -59 -54 -56.5	

91 -57 -54 -55.5	

92 -56 -52 -54	

93 -55 -52 -53.5	

94 -53 -52 -52.5	

95 -53 -53 -53	

96 -54 -54 -54	
#96_7_2
1 -54 -61 -57.5	

2 -62 -60 -61	

3 -58 -59 -58.5	

4 -58 -59 -58.5	

5 -59 -59 -59	

6 -57 -59 -58	

7 -57 -58 -57.5	

8 -57 -58 -57.5	

9 -57 -58 -57.5	

10 -57 -58 -57.5	

11 -57 -58 -57.5	

12 -57 -59 -58	

13 -57 -59 -58	

14 -57 -59 -58	

15 -57 -60 -58.5	

16 -57 -60 -58.5	

17 -57 -60 -58.5	

18 -58 -60 -59	

19 -59 -60 -59.5	

20 -60 -63 -61.5	

21 -60 -58 -59	

22 -61 -58 -59.5	

23 -62 -58 -60	

24 -63 -58 -60.5	

25 -65 -58 -61.5	

26 -65 -58 -61.5	

27 -62 -58 -60	

28 -61 -57 -59	

29 -62 -57 -59.5	

30 -60 -57 -58.5	

31 -59 -58 -58.5	

32 -59 -58 -58.5	

33 -59 -58 -58.5	

34 -58 -58 -58	

35 -59 -59 -59	

36 -58 -59 -58.5	

37 -58 -59 -58.5	

38 -58 -60 -59	

39 -58 -60 -59	

40 -58 -60 -59	

41 -58 -61 -59.5	

42 -59 -63 -61	

43 -60 -64 -62	

44 -60 -64 -62	

45 -61 -64 -62.5	

46 -63 -64 -63.5	

47 -63 -65 -64	

48 -66 -65 -65.5	

49 -66 -66 -66	

50 -72 -66 -69	

51 -74 -66 -70	

52 -70 -66 -68	

53 -67 -66 -66.5	

54 -65 -66 -65.5	

55 -64 -66 -65	

56 -62 -66 -64	

57 -61 -66 -63.5	

58 -59 -65 -62	

59 -59 -65 -62	

60 -58 -63 -60.5	

61 -57 -67 -62	

62 -57 -69 -63	

63 -57 -65 -61	

64 -57 -62 -59.5	

65 -57 -61 -59	

66 -57 -61 -59	

67 -57 -61 -59	

68 -57 -61 -59	

69 -57 -62 -59.5	

70 -57 -62 -59.5	

71 -57 -62 -59.5	

72 -55 -60 -57.5	

73 -56 -64 -60	

74 -56 -61 -58.5	

75 -56 -61 -58.5	

76 -56 -61 -58.5	

77 -56 -61 -58.5	

78 -56 -61 -58.5	

79 -56 -61 -58.5	

80 -56 -61 -58.5	

81 -56 -61 -58.5	

82 -56 -62 -59	

83 -57 -63 -60	

84 -57 -63 -60	

85 -57 -63 -60	

86 -58 -63 -60.5	

87 -58 -64 -61	

88 -61 -63 -62	

89 -63 -61 -62	

90 -64 -62 -63	

91 -73 -62 -67.5	

92 -67 -58 -62.5	

93 -64 -61 -62.5	

94 -61 -59 -60	

95 -61 -59 -60	

96 -59 -59 -59
	
#96_8_1
1 -61 -61 -61	

2 -60 -60 -60	

3 -61 -60 -60.5	

4 -62 -59 -60.5	

5 -60 -59 -59.5	

6 -60 -59 -59.5	

7 -60 -59 -59.5	

8 -60 -59 -59.5	

9 -60 -59 -59.5	

10 -60 -59 -59.5	

11 -58 -59 -58.5	

12 -60 -59 -59.5	

13 -60 -59 -59.5	

14 -60 -60 -60	

15 -60 -60 -60	

16 -60 -60 -60	

17 -60 -61 -60.5	

18 -60 -61 -60.5	

19 -60 -61 -60.5	

20 -62 -61 -61.5	

21 -62 -61 -61.5	

22 -62 -61 -61.5	

23 -62 -61 -61.5	

24 -62 -61 -61.5	

25 -61 -61 -61	

26 -60 -61 -60.5	

27 -60 -61 -60.5	

28 -61 -61 -61	

29 -61 -61 -61	

30 -60 -59 -59.5	

31 -60 -61 -60.5	

32 -60 -61 -60.5	

33 -60 -61 -60.5	

34 -60 -61 -60.5	

35 -60 -61 -60.5	

36 -60 -61 -60.5	

37 -60 -61 -60.5	

38 -60 -61 -60.5	

39 -60 -61 -60.5	

40 -60 -61 -60.5	

41 -60 -61 -60.5	

42 -63 -61 -62	

43 -64 -61 -62.5	

44 -64 -62 -63	

45 -66 -62 -64	

46 -66 -62 -64	

47 -64 -61 -62.5	

48 -64 -61 -62.5	

49 -64 -61 -62.5	

50 -63 -63 -63	

51 -62 -63 -62.5	

52 -62 -64 -63	

53 -62 -64 -63	

54 -62 -64 -63	

55 -62 -64 -63	

56 -62 -67 -64.5	

57 -60 -70 -65	

58 -60 -72 -66	

59 -60 -71 -65.5	

60 -60 -72 -66	

61 -60 -71 -65.5	

62 -60 -70 -65	

63 -60 -69 -64.5	

64 -60 -67 -63.5	

65 -61 -66 -63.5	

66 -61 -66 -63.5	

67 -61 -65 -63	

68 -62 -62 -62	

69 -62 -63 -62.5	

70 -62 -62 -62	

71 -60 -63 -61.5	

72 -59 -63 -61	

73 -59 -61 -60	

74 -58 -61 -59.5	

75 -58 -61 -59.5	

76 -56 -61 -58.5	

77 -56 -62 -59	

78 -60 -63 -61.5	

79 -58 -63 -60.5	

80 -57 -63 -60	

81 -58 -63 -60.5	

82 -59 -64 -61.5	

83 -59 -65 -62	

84 -60 -66 -63	

85 -61 -67 -64	

86 -63 -67 -65	

87 -64 -67 -65.5	

88 -66 -68 -67	

89 -68 -67 -67.5	

90 -66 -66 -66	

91 -68 -65 -66.5	

92 -66 -66 -66	

93 -66 -68 -67	

94 -64 -64 -64	

95 -62 -62 -62	

96 -62 -62 -62	
#96_8_2
1 -56 -60 -58	

2 -57 -59 -58	

3 -58 -59 -58.5	

4 -58 -59 -58.5	

5 -58 -59 -58.5	

6 -58 -59 -58.5	

7 -58 -59 -58.5	

8 -58 -59 -58.5	

9 -58 -59 -58.5	

10 -58 -59 -58.5	

11 -58 -59 -58.5	

12 -59 -59 -59	

13 -59 -60 -59.5	

14 -59 -60 -59.5	

15 -59 -60 -59.5	

16 -59 -60 -59.5	

17 -59 -60 -59.5	

18 -59 -60 -59.5	

19 -59 -61 -60	

20 -59 -62 -60.5	

21 -59 -63 -61	

22 -59 -63 -61	

23 -59 -63 -61	

24 -61 -63 -62	

25 -61 -63 -62	

26 -60 -62 -61	

27 -60 -61 -60.5	

28 -60 -59 -59.5	

29 -60 -59 -59.5	

30 -60 -59 -59.5	

31 -61 -59 -60	

32 -61 -59 -60	

33 -61 -59 -60	

34 -61 -59 -60	

35 -61 -58 -59.5	

36 -64 -58 -61	

37 -63 -58 -60.5	

38 -63 -58 -60.5	

39 -63 -58 -60.5	

40 -64 -58 -61	

41 -64 -58 -61	

42 -63 -58 -60.5	

43 -64 -58 -61	

44 -64 -59 -61.5	

45 -62 -59 -60.5	

46 -64 -59 -61.5	

47 -60 -59 -59.5	

48 -59 -59 -59	

49 -62 -59 -60.5	

50 -62 -61 -61.5	

51 -62 -62 -62	

52 -62 -62 -62	

53 -62 -65 -63.5	

54 -63 -67 -65	

55 -63 -68 -65.5	

56 -63 -68 -65.5	

57 -63 -69 -66	

58 -63 -66 -64.5	

59 -63 -65 -64	

60 -64 -62 -63	

61 -65 -63 -64	

62 -65 -61 -63	

63 -66 -58 -62	

64 -65 -58 -61.5	

65 -65 -58 -61.5	

66 -65 -58 -61.5	

67 -61 -59 -60	

68 -61 -57 -59	

69 -61 -57 -59	

70 -58 -56 -57	

71 -58 -58 -58	

72 -58 -60 -59	

73 -58 -59 -58.5	

74 -56 -59 -57.5	

75 -56 -60 -58	

76 -57 -62 -59.5	

77 -57 -58 -57.5	

78 -57 -59 -58	

79 -57 -63 -60	

80 -58 -61 -59.5	

81 -61 -61 -61	

82 -61 -63 -62	

83 -61 -63 -62	

84 -63 -63 -63	

85 -59 -61 -60	

86 -58 -60 -59	

87 -57 -60 -58.5	

88 -57 -60 -58.5	

89 -57 -60 -58.5	

90 -57 -59 -58	

91 -57 -59 -58	

92 -57 -58 -57.5	

93 -57 -57 -57	

94 -57 -57 -57	

95 -58 -58 -58	

96 -58 -58 -58	
#96_9_1
1 -58 -62 -60	

2 -63 -59 -61	

3 -65 -68 -66.5	

4 -62 -69 -65.5	

5 -65 -62 -63.5	

6 -63 -58 -60.5	

7 -63 -57 -60	

8 -63 -57 -60	

9 -62 -57 -59.5	

10 -61 -57 -59	

11 -60 -57 -58.5	

12 -61 -56 -58.5	

13 -60 -56 -58	

14 -59 -57 -58	

15 -60 -58 -59	

16 -60 -58 -59	

17 -60 -58 -59	

18 -60 -58 -59	

19 -60 -58 -59	

20 -61 -58 -59.5	

21 -61 -58 -59.5	

22 -60 -58 -59	

23 -60 -58 -59	

24 -59 -58 -58.5	

25 -59 -56 -57.5	

26 -60 -56 -58	

27 -60 -57 -58.5	

28 -60 -57 -58.5	

29 -58 -56 -57	

30 -58 -55 -56.5	

31 -58 -55 -56.5	

32 -57 -55 -56	

33 -57 -56 -56.5	

34 -57 -55 -56	

35 -58 -55 -56.5	

36 -58 -55 -56.5	

37 -58 -55 -56.5	

38 -60 -55 -57.5	

39 -61 -55 -58	

40 -61 -55 -58	

41 -62 -55 -58.5	

42 -62 -54 -58	

43 -62 -54 -58	

44 -62 -54 -58	

45 -62 -57 -59.5	

46 -60 -59 -59.5	

47 -60 -53 -56.5	

48 -59 -53 -56	

49 -59 -48 -53.5	

50 -59 -51 -55	

51 -59 -56 -57.5	

52 -59 -56 -57.5	

53 -60 -56 -58	

54 -60 -56 -58	

55 -60 -56 -58	

56 -63 -58 -60.5	

57 -61 -58 -59.5	

58 -62 -58 -60	

59 -62 -58 -60	

60 -62 -61 -61.5	

61 -63 -63 -63	

62 -64 -62 -63	

63 -66 -60 -63	

64 -68 -58 -63	

65 -70 -58 -64	

66 -71 -58 -64.5	

67 -70 -60 -65	

68 -68 -63 -65.5	

69 -65 -61 -63	

70 -67 -61 -64	

71 -62 -60 -61	

72 -61 -59 -60	

73 -61 -57 -59	

74 -61 -62 -61.5	

75 -59 -62 -60.5	

76 -59 -65 -62	

77 -59 -69 -64	

78 -59 -66 -62.5	

79 -59 -66 -62.5	

80 -63 -66 -64.5	

81 -60 -68 -64	

82 -60 -68 -64	

83 -63 -66 -64.5	

84 -62 -69 -65.5	

85 -63 -70 -66.5	

86 -63 -67 -65	

87 -63 -68 -65.5	

88 -66 -70 -68	

89 -66 -68 -67	

90 -68 -67 -67.5	

91 -70 -66 -68	

92 -70 -66 -68	

93 -68 -64 -66	

94 -66 -62 -64	

95 -63 -61 -62	

96 -61 -61 -61	
#96_9_2
1 -59 -59 -59	

2 -60 -59 -59.5	

3 -61 -59 -60	

4 -60 -59 -59.5	

5 -60 -59 -59.5	

6 -60 -59 -59.5	

7 -60 -59 -59.5	

8 -59 -59 -59	

9 -59 -59 -59	

10 -59 -59 -59	

11 -59 -59 -59	

12 -58 -61 -59.5	

13 -58 -60 -59	

14 -61 -60 -60.5	

15 -59 -60 -59.5	

16 -59 -60 -59.5	

17 -58 -60 -59	

18 -58 -60 -59	

19 -58 -60 -59	

20 -59 -60 -59.5	

21 -58 -59 -58.5	

22 -57 -59 -58	

23 -57 -59 -58	

24 -61 -59 -60	

25 -59 -59 -59	

26 -57 -59 -58	

27 -57 -59 -58	

28 -59 -59 -59	

29 -60 -60 -60	

30 -64 -60 -62	

31 -63 -60 -61.5	

32 -62 -60 -61	

33 -63 -60 -61.5	

34 -63 -60 -61.5	

35 -61 -57 -59	

36 -58 -57 -57.5	

37 -61 -57 -59	

38 -62 -57 -59.5	

39 -63 -57 -60	

40 -58 -57 -57.5	

41 -62 -57 -59.5	

42 -61 -59 -60	

43 -58 -58 -58	

44 -57 -57 -57	

45 -57 -58 -57.5	

46 -56 -58 -57	

47 -56 -57 -56.5	

48 -56 -61 -58.5	

49 -61 -58 -59.5	

50 -57 -58 -57.5	

51 -58 -59 -58.5	

52 -64 -62 -63	

53 -58 -60 -59	

54 -58 -60 -59	

55 -65 -65 -65	

56 -68 -62 -65	

57 -58 -63 -60.5	

58 -63 -67 -65	

59 -61 -63 -62	

60 -61 -71 -66	

61 -65 -68 -66.5	

62 -66 -62 -64	

63 -64 -68 -66	

64 -64 -67 -65.5	

65 -66 -59 -62.5	

66 -67 -59 -63	

67 -62 -62 -62	

68 -62 -58 -60	

69 -67 -60 -63.5	

70 -58 -57 -57.5	

71 -57 -55 -56	

72 -58 -57 -57.5	

73 -54 -56 -55	

74 -53 -56 -54.5	

75 -54 -56 -55	

76 -53 -56 -54.5	

77 -53 -59 -56	

78 -53 -58 -55.5	

79 -53 -57 -55	

80 -58 -58 -58	

81 -58 -59 -58.5	

82 -57 -58 -57.5	

83 -58 -56 -57	

84 -57 -55 -56	

85 -57 -57 -57	

86 -57 -58 -57.5	

87 -59 -60 -59.5	

88 -61 -58 -59.5	

89 -64 -60 -62	

90 -65 -61 -63	

91 -61 -62 -61.5	

92 -62 -64 -63	

93 -67 -65 -66	

94 -66 -65 -65.5	

95 -73 -63 -68	

96 -74 -74 -74	
#96_10_1
1 -61 -62 -61.5	

2 -64 -62 -63	

3 -64 -63 -63.5	

4 -64 -61 -62.5	

5 -63 -61 -62	

6 -63 -61 -62	

7 -63 -61 -62	

8 -62 -61 -61.5	

9 -62 -61 -61.5	

10 -61 -61 -61	

11 -61 -61 -61	

12 -61 -61 -61	

13 -61 -61 -61	

14 -61 -61 -61	

15 -61 -61 -61	

16 -61 -61 -61	

17 -61 -61 -61	

18 -61 -61 -61	

19 -61 -60 -60.5	

20 -60 -60 -60	

21 -60 -60 -60	

22 -60 -60 -60	

23 -60 -61 -60.5	

24 -60 -61 -60.5	

25 -60 -61 -60.5	

26 -60 -61 -60.5	

27 -60 -61 -60.5	

28 -60 -63 -61.5	

29 -60 -64 -62	

30 -60 -64 -62	

31 -60 -64 -62	

32 -59 -65 -62	

33 -59 -61 -60	

34 -59 -63 -61	

35 -59 -62 -60.5	

36 -57 -61 -59	

37 -57 -64 -60.5	

38 -57 -66 -61.5	

39 -58 -66 -62	

40 -57 -66 -61.5	

41 -55 -66 -60.5	

42 -55 -68 -61.5	

43 -58 -68 -63	

44 -59 -67 -63	

45 -64 -67 -65.5	

46 -62 -67 -64.5	

47 -60 -67 -63.5	

48 -60 -67 -63.5	

49 -60 -65 -62.5	

50 -61 -62 -61.5	

51 -64 -62 -63	

52 -63 -62 -62.5	

53 -62 -62 -62	

54 -63 -62 -62.5	

55 -65 -62 -63.5	

56 -63 -62 -62.5	

57 -64 -62 -63	

58 -64 -62 -63	

59 -64 -62 -63	

60 -64 -60 -62	

61 -66 -60 -63	

62 -68 -60 -64	

63 -69 -60 -64.5	

64 -67 -60 -63.5	

65 -66 -60 -63	

66 -66 -59 -62.5	

67 -67 -59 -63	

68 -66 -59 -62.5	

69 -66 -59 -62.5	

70 -64 -59 -61.5	

71 -64 -59 -61.5	

72 -63 -59 -61	

73 -62 -62 -62	

74 -62 -60 -61	

75 -60 -63 -61.5	

76 -60 -59 -59.5	

77 -60 -60 -60	

78 -60 -67 -63.5	

79 -60 -63 -61.5	

80 -60 -59 -59.5	

81 -60 -65 -62.5	

82 -60 -60 -60	

83 -60 -61 -60.5	

84 -57 -58 -57.5	

85 -62 -63 -62.5	

86 -62 -61 -61.5	

87 -61 -59 -60	

88 -60 -60 -60	

89 -59 -62 -60.5	

90 -58 -63 -60.5	

91 -57 -63 -60	

92 -57 -59 -58	

93 -57 -63 -60	

94 -56 -62 -59	

95 -56 -56 -56	

96 -56 -56 -56
#96_10_2
1 -68 -64 -66	

2 -66 -65 -65.5	

3 -66 -65 -65.5	

4 -67 -67 -67	

5 -67 -65 -66	

6 -65 -65 -65	

7 -64 -65 -64.5	

8 -63 -65 -64	

9 -63 -64 -63.5	

10 -61 -64 -62.5	

11 -61 -64 -62.5	

12 -62 -64 -63	

13 -70 -65 -67.5	

14 -66 -65 -65.5	

15 -64 -66 -65	

16 -65 -67 -66	

17 -62 -68 -65	

18 -62 -69 -65.5	

19 -61 -69 -65	

20 -61 -69 -65	

21 -60 -69 -64.5	

22 -60 -66 -63	

23 -60 -66 -63	

24 -59 -63 -61	

25 -59 -63 -61	

26 -61 -63 -62	

27 -63 -63 -63	

28 -63 -63 -63	

29 -62 -63 -62.5	

30 -61 -63 -62	

31 -60 -64 -62	

32 -60 -64 -62	

33 -60 -64 -62	

34 -60 -64 -62	

35 -60 -64 -62	

36 -60 -65 -62.5	

37 -60 -65 -62.5	

38 -60 -67 -63.5	

39 -60 -62 -61	

40 -60 -63 -61.5	

41 -60 -61 -60.5	

42 -61 -59 -60	

43 -62 -59 -60.5	

44 -58 -58 -58	

45 -59 -58 -58.5	

46 -56 -59 -57.5	

47 -56 -59 -57.5	

48 -62 -55 -58.5	

49 -73 -58 -65.5	

50 -73 -64 -68.5	

51 -65 -57 -61	

52 -63 -57 -60	

53 -64 -57 -60.5	

54 -62 -60 -61	

55 -60 -58 -59	

56 -57 -59 -58	

57 -55 -59 -57	

58 -55 -59 -57	

59 -53 -59 -56	

60 -53 -59 -56	

61 -53 -58 -55.5	

62 -53 -58 -55.5	

63 -53 -58 -55.5	

64 -53 -57 -55	

65 -52 -56 -54	

66 -52 -56 -54	

67 -52 -56 -54	

68 -52 -56 -54	

69 -52 -56 -54	

70 -52 -56 -54	

71 -52 -56 -54	

72 -52 -55 -53.5	

73 -52 -54 -53	

74 -52 -52 -52	

75 -52 -52 -52	

76 -52 -52 -52	

77 -52 -53 -52.5	

78 -52 -54 -53	

79 -52 -54 -53	

80 -52 -55 -53.5	

81 -56 -56 -56	

82 -56 -56 -56	

83 -56 -56 -56	

84 -56 -57 -56.5	

85 -58 -57 -57.5	

86 -57 -57 -57	

87 -57 -57 -57	

88 -59 -57 -58	

89 -66 -57 -61.5	

90 -62 -58 -60	

91 -57 -58 -57.5	

92 -65 -59 -62	

93 -67 -59 -63	

94 -61 -60 -60.5	

95 -56 -61 -58.5	

96 -60 -60 -60	
#96_11_1
1 -57 -57 -57	

2 -58 -57 -57.5	

3 -60 -57 -58.5	

4 -60 -57 -58.5	

5 -58 -57 -57.5	

6 -59 -57 -58	

7 -59 -57 -58	

8 -59 -57 -58	

9 -58 -57 -57.5	

10 -61 -57 -59	

11 -59 -57 -58	

12 -59 -57 -58	

13 -59 -57 -58	

14 -59 -57 -58	

15 -59 -57 -58	

16 -59 -57 -58	

17 -59 -57 -58	

18 -59 -57 -58	

19 -57 -57 -57	

20 -58 -57 -57.5	

21 -58 -57 -57.5	

22 -58 -57 -57.5	

23 -59 -57 -58	

24 -59 -57 -58	

25 -58 -57 -57.5	

26 -58 -57 -57.5	

27 -58 -57 -57.5	

28 -58 -57 -57.5	

29 -57 -57 -57	

30 -57 -57 -57	

31 -57 -57 -57	

32 -57 -57 -57	

33 -57 -57 -57	

34 -57 -57 -57	

35 -57 -57 -57	

36 -57 -57 -57	

37 -57 -57 -57	

38 -57 -57 -57	

39 -57 -57 -57	

40 -57 -57 -57	

41 -57 -57 -57	

42 -57 -57 -57	

43 -57 -57 -57	

44 -57 -57 -57	

45 -57 -57 -57	

46 -57 -57 -57	

47 -57 -57 -57	

48 -57 -57 -57	

49 -56 -57 -56.5	

50 -56 -57 -56.5	

51 -56 -57 -56.5	

52 -56 -57 -56.5	

53 -56 -57 -56.5	

54 -56 -57 -56.5	

55 -56 -57 -56.5	

56 -56 -57 -56.5	

57 -56 -57 -56.5	

58 -56 -56 -56	

59 -56 -56 -56	

60 -56 -56 -56	

61 -56 -56 -56	

62 -56 -56 -56	

63 -56 -56 -56	

64 -56 -56 -56	

65 -56 -56 -56	

66 -56 -56 -56	

67 -56 -56 -56	

68 -56 -56 -56	

69 -56 -56 -56	

70 -56 -56 -56	

71 -56 -56 -56	

72 -56 -57 -56.5	

73 -56 -57 -56.5	

74 -56 -57 -56.5	

75 -56 -57 -56.5	

76 -56 -57 -56.5	

77 -56 -57 -56.5	

78 -60 -57 -58.5	

79 -58 -57 -57.5	

80 -58 -57 -57.5	

81 -58 -57 -57.5	

82 -58 -57 -57.5	

83 -57 -57 -57	

84 -57 -57 -57	

85 -57 -57 -57	

86 -57 -57 -57	

87 -57 -57 -57	

88 -57 -57 -57	

89 -57 -57 -57	

90 -57 -57 -57	

91 -57 -57 -57	

92 -57 -58 -57.5	

93 -57 -58 -57.5	

94 -57 -59 -58	

95 -57 -59 -58	

96 -57 -57 -57	
#96_11_2
1 -61 -68 -64.5	

2 -65 -68 -66.5	

3 -65 -68 -66.5	

4 -67 -68 -67.5	

5 -69 -67 -68	

6 -67 -66 -66.5	

7 -67 -64 -65.5	

8 -69 -64 -66.5	

9 -69 -65 -67	

10 -69 -65 -67	

11 -68 -65 -66.5	

12 -68 -64 -66	

13 -68 -64 -66	

14 -68 -64 -66	

15 -65 -63 -64	

16 -63 -62 -62.5	

17 -63 -62 -62.5	

18 -65 -62 -63.5	

19 -65 -61 -63	

20 -63 -61 -62	

21 -63 -61 -62	

22 -62 -60 -61	

23 -61 -60 -60.5	

24 -61 -60 -60.5	

25 -61 -60 -60.5	

26 -61 -60 -60.5	

27 -61 -60 -60.5	

28 -61 -60 -60.5	

29 -61 -60 -60.5	

30 -60 -60 -60	

31 -60 -60 -60	

32 -60 -60 -60	

33 -60 -60 -60	

34 -60 -60 -60	

35 -60 -60 -60	

36 -60 -60 -60	

37 -60 -60 -60	

38 -60 -61 -60.5	

39 -60 -61 -60.5	

40 -60 -61 -60.5	

41 -61 -63 -62	

42 -61 -63 -62	

43 -61 -64 -62.5	

44 -62 -64 -63	

45 -62 -64 -63	

46 -62 -64 -63	

47 -62 -64 -63	

48 -62 -63 -62.5	

49 -62 -62 -62	

50 -62 -62 -62	

51 -62 -65 -63.5	

52 -62 -64 -63	

53 -62 -64 -63	

54 -62 -64 -63	

55 -62 -65 -63.5	

56 -62 -66 -64	

57 -61 -64 -62.5	

58 -61 -62 -61.5	

59 -61 -65 -63	

60 -61 -65 -63	

61 -62 -65 -63.5	

62 -61 -65 -63	

63 -61 -65 -63	

64 -61 -65 -63	

65 -63 -68 -65.5	

66 -63 -68 -65.5	

67 -66 -70 -68	

68 -66 -68 -67	

69 -64 -69 -66.5	

70 -66 -67 -66.5	

71 -65 -67 -66	

72 -65 -69 -67	

73 -66 -71 -68.5	

74 -66 -69 -67.5	

75 -66 -69 -67.5	

76 -67 -71 -69	

77 -70 -71 -70.5	

78 -74 -71 -72.5	

79 -72 -71 -71.5	

80 -69 -72 -70.5	

81 -72 -70 -71	

82 -71 -69 -70	

83 -73 -67 -70	

84 -74 -67 -70.5	

85 -73 -67 -70	

86 -71 -67 -69	

87 -67 -65 -66	

88 -66 -63 -64.5	

89 -66 -63 -64.5	

90 -66 -63 -64.5	

91 -64 -63 -63.5	

92 -62 -63 -62.5	

93 -62 -62 -62	

94 -63 -62 -62.5	

95 -62 -63 -62.5	

96 -63 -63 -63	

#96_12_1
1 -72 -72 -72	

2 -73 -72 -72.5	

3 -73 -72 -72.5	

4 -73 -73 -73	

5 -72 -74 -73	

6 -74 -74 -74	

7 -74 -74 -74	

8 -72 -75 -73.5	

9 -75 -75 -75	

10 -73 -76 -74.5	

11 -75 -75 -75	

12 -73 -75 -74	

13 -72 -75 -73.5	

14 -71 -75 -73	

15 -71 -75 -73	

16 -69 -74 -71.5	

17 -70 -70 -70	

18 -68 -70 -69	

19 -69 -70 -69.5	

20 -67 -70 -68.5	

21 -66 -68 -67	

22 -66 -66 -66	

23 -65 -66 -65.5	

24 -65 -65 -65	

25 -64 -65 -64.5	

26 -64 -65 -64.5	

27 -64 -65 -64.5	

28 -63 -65 -64	

29 -63 -65 -64	

30 -63 -65 -64	

31 -63 -65 -64	

32 -63 -65 -64	

33 -63 -64 -63.5	

34 -63 -65 -64	

35 -64 -67 -65.5	

36 -66 -67 -66.5	

37 -67 -68 -67.5	

38 -67 -69 -68	

39 -68 -73 -70.5	

40 -72 -73 -72.5	

41 -71 -72 -71.5	

42 -72 -71 -71.5	

43 -72 -69 -70.5	

44 -71 -67 -69	

45 -70 -67 -68.5	

46 -66 -68 -67	

47 -66 -67 -66.5	

48 -65 -67 -66	

49 -64 -67 -65.5	

50 -63 -65 -64	

51 -63 -63 -63	

52 -62 -63 -62.5	

53 -62 -63 -62.5	

54 -62 -63 -62.5	

55 -62 -63 -62.5	

56 -62 -63 -62.5	

57 -62 -63 -62.5	

58 -62 -63 -62.5	

59 -63 -63 -63	

60 -63 -63 -63	

61 -63 -63 -63	

62 -63 -63 -63	

63 -64 -63 -63.5	

64 -64 -63 -63.5	

65 -64 -63 -63.5	

66 -64 -64 -64	

67 -64 -61 -62.5	

68 -65 -61 -63	

69 -64 -61 -62.5	

70 -64 -61 -62.5	

71 -64 -61 -62.5	

72 -64 -61 -62.5	

73 -64 -61 -62.5	

74 -64 -61 -62.5	

75 -64 -61 -62.5	

76 -64 -61 -62.5	

77 -65 -61 -63	

78 -65 -61 -63	

79 -65 -61 -63	

80 -65 -62 -63.5	

81 -65 -62 -63.5	

82 -65 -62 -63.5	

83 -65 -62 -63.5	

84 -65 -62 -63.5	

85 -64 -62 -63	

86 -63 -63 -63	

87 -63 -64 -63.5	

88 -63 -64 -63.5	

89 -64 -64 -64	

90 -64 -66 -65	

91 -65 -67 -66	

92 -66 -67 -66.5	

93 -67 -67 -67	

94 -67 -67 -67	

95 -67 -67 -67	

96 -67 -67 -67	

#96_12_2
1 -70 -74 -72	

2 -71 -74 -72.5	

3 -74 -74 -74	

4 -73 -74 -73.5	

5 -72 -74 -73	

6 -73 -72 -72.5	

7 -73 -72 -72.5	

8 -73 -72 -72.5	

9 -74 -72 -73	

10 -74 -74 -74	

11 -75 -74 -74.5	

12 -75 -75 -75	

13 -74 -75 -74.5	

14 -74 -74 -74	

15 -72 -74 -73	

16 -71 -73 -72	

17 -71 -74 -72.5	

18 -69 -71 -70	

19 -69 -71 -70	

20 -67 -68 -67.5	

21 -67 -67 -67	

22 -66 -66 -66	

23 -65 -66 -65.5	

24 -65 -65 -65	

25 -65 -64 -64.5	

26 -65 -64 -64.5	

27 -65 -63 -64	

28 -65 -64 -64.5	

29 -65 -64 -64.5	

30 -65 -64 -64.5	

31 -65 -64 -64.5	

32 -65 -64 -64.5	

33 -65 -65 -65	

34 -66 -67 -66.5	

35 -66 -67 -66.5	

36 -67 -67 -67	

37 -70 -71 -70.5	

38 -70 -71 -70.5	

39 -70 -74 -72	

40 -71 -75 -73	

41 -71 -78 -74.5	

42 -70 -75 -72.5	

43 -68 -72 -70	

44 -67 -71 -69	

45 -67 -74 -70.5	

46 -67 -70 -68.5	

47 -66 -69 -67.5	

48 -65 -70 -67.5	

49 -65 -71 -68	

50 -64 -69 -66.5	

51 -61 -69 -65	

52 -63 -69 -66	

53 -63 -67 -65	

54 -62 -67 -64.5	

55 -62 -67 -64.5	

56 -61 -67 -64	

57 -61 -66 -63.5	

58 -61 -65 -63	

59 -61 -68 -64.5	

60 -62 -67 -64.5	

61 -63 -65 -64	

62 -64 -64 -64	

63 -65 -66 -65.5	

64 -67 -68 -67.5	

65 -67 -66 -66.5	

66 -69 -65 -67	

67 -71 -69 -70	

68 -68 -65 -66.5	

69 -69 -67 -68	

70 -70 -70 -70	

71 -70 -71 -70.5	

72 -71 -72 -71.5	

73 -70 -70 -70	

74 -71 -70 -70.5	

75 -72 -73 -72.5	

76 -73 -73 -73	

77 -73 -70 -71.5	

78 -72 -70 -71	

79 -70 -71 -70.5	

80 -69 -70 -69.5	

81 -69 -69 -69	

82 -69 -65 -67	

83 -69 -65 -67	

84 -68 -65 -66.5	

85 -66 -66 -66	

86 -68 -67 -67.5	

87 -68 -66 -67	

88 -68 -66 -67	

89 -68 -68 -68	

90 -68 -69 -68.5	

91 -66 -70 -68	

92 -64 -69 -66.5	

93 -64 -63 -63.5	

94 -63 -65 -64	

95 -64 -64 -64	

96 -62 -62 -62	
