#	X  Y1  Y2  Y3
	1 -43 -46 -44.5	

	2 -42 -46 -44	

	3 -40 -47 -43.5	

	4 -41 -47 -44	

	5 -41 -47 -44	

	6 -42 -48 -45	

	7 -42 -49 -45.5	

	8 -42 -50 -46	

	9 -42 -50 -46	

	10 -42 -51 -46.5	

	11 -45 -55 -50	

	12 -45 -57 -51	

	13 -45 -58 -51.5	

	14 -45 -57 -51	

	15 -45 -56 -50.5	

	16 -47 -54 -50.5	

	17 -47 -51 -49	

	18 -47 -49 -48	

	19 -47 -48 -47.5	

	20 -46 -47 -46.5	

	21 -46 -47 -46.5	

	22 -46 -47 -46.5	

	23 -46 -47 -46.5	

	24 -46 -47 -46.5	

	25 -46 -47 -46.5	

	26 -46 -47 -46.5	

	27 -46 -47 -46.5	

	28 -46 -47 -46.5	

	29 -46 -46 -46	

	30 -46 -45 -45.5	

	31 -46 -45 -45.5	

	32 -44 -43 -43.5	

	33 -43 -42 -42.5	

	34 -42 -41 -41.5	

	35 -42 -41 -41.5	

	36 -41 -40 -40.5	

	37 -39 -40 -39.5	

	38 -38 -38 -38	

	39 -38 -38 -38	

	40 -38 -38 -38	

	41 -38 -38 -38	

	42 -37 -38 -37.5	

	43 -37 -38 -37.5	

	44 -37 -38 -37.5	

	45 -37 -38 -37.5	

	46 -37 -38 -37.5	

	47 -37 -38 -37.5	

	48 -37 -38 -37.5	

	49 -37 -38 -37.5	

	50 -38 -37 -37.5	

	51 -38 -37 -37.5	

	52 -38 -37 -37.5	

	53 -38 -37 -37.5	

	54 -38 -37 -37.5	

	55 -38 -37 -37.5	

	56 -38 -37 -37.5	

	57 -38 -35 -36.5	

	58 -38 -35 -36.5	

	59 -38 -35 -36.5	

	60 -37 -35 -36	

	61 -38 -35 -36.5	

	62 -37 -35 -36	

	63 -36 -35 -35.5	

	64 -36 -35 -35.5	

	65 -36 -35 -35.5	

	66 -36 -35 -35.5	

	67 -36 -34 -35	

	68 -36 -34 -35	

	69 -36 -34 -35	

	70 -36 -34 -35	

	71 -36 -34 -35	

	72 -36 -34 -35	

	73 -36 -34 -35	

	74 -35 -34 -34.5	

	75 -40 -34 -37	

	76 -36 -34 -35	

	77 -36 -34 -35	

	78 -35 -34 -34.5	

	79 -35 -35 -35	

	80 -35 -35 -35	

	81 -35 -35 -35	

	82 -37 -36 -36.5	

	83 -37 -38 -37.5	

	84 -37 -39 -38	

	85 -37 -40 -38.5	

	86 -37 -40 -38.5	

	87 -37 -41 -39	

	88 -38 -42 -40	

	89 -39 -44 -41.5	

	90 -41 -45 -43	

	91 -41 -44 -42.5	

	92 -42 -43 -42.5	

	93 -42 -44 -43	

	94 -42 -42 -42	

	95 -42 -42 -42	

	96 -42 -42 -42	

#	key max74 RSSI_MAX-34.5

