1 -45 -45 -45	

2 -47 -45 -46	

3 -47 -46 -46.5	

4 -47 -47 -47	

5 -47 -48 -47.5	

6 -47 -48 -47.5	

7 -47 -49 -48	

8 -47 -49 -48	

9 -47 -49 -48	

10 -47 -49 -48	

11 -47 -49 -48	

12 -47 -49 -48	

13 -48 -49 -48.5	

14 -48 -49 -48.5	

15 -48 -49 -48.5	

16 -48 -49 -48.5	

17 -48 -49 -48.5	

18 -50 -49 -49.5	

19 -50 -47 -48.5	

20 -52 -46 -49	

21 -52 -46 -49	

22 -52 -44 -48	

23 -51 -43 -47	

24 -48 -41 -44.5	

25 -46 -40 -43	

26 -43 -40 -41.5	

27 -41 -38 -39.5	

28 -40 -38 -39	

29 -39 -37 -38	

30 -39 -37 -38	

31 -38 -37 -37.5	

32 -37 -37 -37	

33 -36 -37 -36.5	

34 -35 -38 -36.5	

35 -35 -36 -35.5	

36 -35 -36 -35.5	

37 -35 -36 -35.5	

38 -34 -36 -35	

39 -34 -36 -35	

40 -34 -36 -35	

41 -34 -36 -35	

42 -34 -36 -35	

43 -34 -36 -35	

44 -34 -35 -34.5	

45 -33 -35 -34	

46 -33 -35 -34	

47 -32 -35 -33.5	

48 -32 -35 -33.5	

49 -32 -35 -33.5	

50 -32 -35 -33.5	

51 -32 -35 -33.5	

52 -32 -35 -33.5	

53 -32 -35 -33.5	

54 -32 -35 -33.5	

55 -33 -35 -34	

56 -34 -35 -34.5	

57 -34 -36 -35	

58 -35 -36 -35.5	

59 -35 -36 -35.5	

60 -36 -37 -36.5	

61 -36 -37 -36.5	

62 -36 -37 -36.5	

63 -37 -38 -37.5	

64 -37 -39 -38	

65 -37 -40 -38.5	

66 -37 -41 -39	

67 -38 -41 -39.5	

68 -38 -41 -39.5	

69 -38 -42 -40	

70 -38 -42 -40	

71 -39 -42 -40.5	

72 -39 -42 -40.5	

73 -40 -44 -42	

74 -40 -44 -42	

75 -40 -44 -42	

76 -40 -44 -42	

77 -40 -44 -42	

78 -42 -43 -42.5	

79 -42 -42 -42	

80 -42 -42 -42	

81 -43 -42 -42.5	

82 -45 -42 -43.5	

83 -46 -42 -44	

84 -46 -42 -44	

85 -46 -42 -44	

86 -42 -42 -42	

87 -44 -42 -43	

88 -41 -42 -41.5	

89 -40 -42 -41	

90 -40 -42 -41	

91 -40 -42 -41	

92 -40 -41 -40.5	

93 -40 -41 -40.5	

94 -40 -41 -40.5	

95 -40 -41 -40.5	

96 -41 -41 -41	

key max47 RSSI_MAX-33.5

