1 -45 -46 -45.5	

2 -46 -46 -46	

3 -48 -46 -47	

4 -48 -46 -47	

5 -48 -46 -47	

6 -48 -46 -47	

7 -48 -44 -46	

8 -46 -42 -44	

9 -46 -41 -43.5	

10 -45 -41 -43	

11 -44 -40 -42	

12 -43 -39 -41	

13 -43 -39 -41	

14 -43 -39 -41	

15 -40 -39 -39.5	

16 -40 -39 -39.5	

17 -40 -37 -38.5	

18 -40 -37 -38.5	

19 -40 -37 -38.5	

20 -40 -37 -38.5	

21 -39 -37 -38	

22 -39 -37 -38	

23 -39 -37 -38	

24 -39 -37 -38	

25 -39 -37 -38	

26 -39 -37 -38	

27 -39 -37 -38	

28 -39 -37 -38	

29 -39 -37 -38	

30 -39 -37 -38	

31 -39 -37 -38	

32 -39 -37 -38	

33 -39 -37 -38	

34 -38 -37 -37.5	

35 -41 -37 -39	

36 -41 -37 -39	

37 -41 -37 -39	

38 -39 -37 -38	

39 -38 -37 -37.5	

40 -38 -37 -37.5	

41 -38 -37 -37.5	

42 -38 -37 -37.5	

43 -38 -37 -37.5	

44 -38 -37 -37.5	

45 -38 -37 -37.5	

46 -38 -37 -37.5	

47 -38 -37 -37.5	

48 -38 -37 -37.5	

49 -38 -37 -37.5	

50 -38 -37 -37.5	

51 -38 -37 -37.5	

52 -38 -37 -37.5	

53 -38 -37 -37.5	

54 -38 -37 -37.5	

55 -37 -37 -37	

56 -37 -37 -37	

57 -37 -37 -37	

58 -37 -38 -37.5	

59 -37 -38 -37.5	

60 -37 -38 -37.5	

61 -37 -39 -38	

62 -37 -40 -38.5	

63 -37 -40 -38.5	

64 -37 -40 -38.5	

65 -37 -42 -39.5	

66 -38 -43 -40.5	

67 -38 -44 -41	

68 -38 -47 -42.5	

69 -39 -48 -43.5	

70 -40 -50 -45	

71 -42 -54 -48	

72 -44 -57 -50.5	

73 -46 -58 -52	

74 -49 -58 -53.5	

75 -50 -57 -53.5	

76 -55 -57 -56	

77 -59 -57 -58	

78 -61 -57 -59	

79 -61 -56 -58.5	

80 -60 -56 -58	

81 -58 -56 -57	

82 -56 -56 -56	

83 -55 -56 -55.5	

84 -53 -53 -53	

85 -53 -56 -54.5	

86 -53 -58 -55.5	

87 -54 -58 -56	

88 -56 -58 -57	

89 -57 -57 -57	

90 -57 -55 -56	

91 -57 -53 -55	

92 -57 -51 -54	

93 -56 -50 -53	

94 -55 -51 -53	

95 -52 -51 -51.5	

96 -51 -51 -51	

key max55 RSSI_MAX-37

