#	X  Y1  Y2  Y3
	1 -58 -58 -58	

	2 -60 -58 -59	

	3 -58 -58 -58	

	4 -58 -59 -58.5	

	5 -57 -59 -58	

	6 -55 -59 -57	

	7 -55 -61 -58	

	8 -56 -61 -58.5	

	9 -56 -62 -59	

	10 -56 -62 -59	

	11 -57 -62 -59.5	

	12 -58 -62 -60	

	13 -59 -62 -60.5	

	14 -59 -61 -60	

	15 -59 -61 -60	

	16 -59 -60 -59.5	

	17 -57 -60 -58.5	

	18 -57 -60 -58.5	

	19 -57 -60 -58.5	

	20 -57 -61 -59	

	21 -57 -62 -59.5	

	22 -57 -64 -60.5	

	23 -59 -64 -61.5	

	24 -61 -65 -63	

	25 -61 -64 -62.5	

	26 -64 -61 -62.5	

	27 -61 -59 -60	

	28 -59 -57 -58	

	29 -56 -57 -56.5	

	30 -55 -55 -55	

	31 -54 -55 -54.5	

	32 -51 -50 -50.5	

	33 -51 -50 -50.5	

	34 -51 -49 -50	

	35 -51 -49 -50	

	36 -51 -48 -49.5	

	37 -51 -48 -49.5	

	38 -50 -48 -49	

	39 -49 -48 -48.5	

	40 -49 -48 -48.5	

	41 -49 -48 -48.5	

	42 -49 -47 -48	

	43 -49 -47 -48	

	44 -49 -46 -47.5	

	45 -49 -46 -47.5	

	46 -49 -46 -47.5	

	47 -49 -46 -47.5	

	48 -49 -45 -47	

	49 -49 -45 -47	

	50 -48 -45 -46.5	

	51 -48 -45 -46.5	

	52 -48 -45 -46.5	

	53 -47 -45 -46	

	54 -47 -45 -46	

	55 -47 -45 -46	

	56 -47 -45 -46	

	57 -47 -45 -46	

	58 -47 -45 -46	

	59 -47 -45 -46	

	60 -47 -45 -46	

	61 -48 -45 -46.5	

	62 -48 -45 -46.5	

	63 -48 -45 -46.5	

	64 -48 -45 -46.5	

	65 -48 -45 -46.5	

	66 -48 -45 -46.5	

	67 -48 -45 -46.5	

	68 -48 -44 -46	

	69 -47 -44 -45.5	

	70 -47 -44 -45.5	

	71 -47 -44 -45.5	

	72 -44 -43 -43.5	

	73 -44 -43 -43.5	

	74 -43 -44 -43.5	

	75 -44 -45 -44.5	

	76 -42 -45 -43.5	

	77 -43 -45 -44	

	78 -43 -45 -44	

	79 -43 -45 -44	

	80 -43 -47 -45	

	81 -43 -49 -46	

	82 -43 -43 -43	

	83 -43 -43 -43	

	84 -43 -43 -43	

	85 -43 -47 -45	

	86 -43 -48 -45.5	

	87 -45 -48 -46.5	

	88 -46 -49 -47.5	

	89 -46 -49 -47.5	

	90 -47 -49 -48	

	91 -47 -49 -48	

	92 -46 -51 -48.5	

	93 -46 -51 -48.5	

	94 -46 -51 -48.5	

	95 -47 -51 -49	

	96 -49 -49 -49	

#	key max82 RSSI_MAX-43

