1 -34 -38 -36	

2 -34 -38 -36	

3 -34 -38 -36	

4 -34 -38 -36	

5 -34 -38 -36	

6 -34 -38 -36	

7 -34 -38 -36	

8 -36 -38 -37	

9 -37 -38 -37.5	

10 -37 -38 -37.5	

11 -37 -38 -37.5	

12 -37 -38 -37.5	

13 -37 -38 -37.5	

14 -37 -39 -38	

15 -37 -39 -38	

16 -36 -39 -37.5	

17 -36 -39 -37.5	

18 -36 -39 -37.5	

19 -36 -39 -37.5	

20 -36 -39 -37.5	

21 -35 -39 -37	

22 -35 -39 -37	

23 -36 -39 -37.5	

24 -36 -39 -37.5	

25 -36 -39 -37.5	

26 -37 -39 -38	

27 -37 -39 -38	

28 -37 -39 -38	

29 -37 -40 -38.5	

30 -37 -40 -38.5	

31 -38 -40 -39	

32 -39 -40 -39.5	

33 -39 -40 -39.5	

34 -40 -40 -40	

35 -40 -40 -40	

36 -41 -40 -40.5	

37 -42 -40 -41	

38 -42 -40 -41	

39 -42 -40 -41	

40 -42 -40 -41	

41 -42 -41 -41.5	

42 -42 -42 -42	

43 -44 -42 -43	

44 -44 -42 -43	

45 -44 -43 -43.5	

46 -46 -43 -44.5	

47 -51 -44 -47.5	

48 -58 -44 -51	

49 -62 -45 -53.5	

50 -63 -48 -55.5	

51 -59 -52 -55.5	

52 -56 -55 -55.5	

53 -54 -57 -55.5	

54 -52 -60 -56	

55 -52 -65 -58.5	

56 -51 -67 -59	

57 -53 -67 -60	

58 -51 -65 -58	

59 -51 -62 -56.5	

60 -51 -62 -56.5	

61 -52 -64 -58	

62 -53 -66 -59.5	

63 -53 -65 -59	

64 -53 -64 -58.5	

65 -53 -62 -57.5	

66 -53 -60 -56.5	

67 -55 -62 -58.5	

68 -57 -62 -59.5	

69 -59 -60 -59.5	

70 -59 -52 -55.5	

71 -55 -49 -52	

72 -52 -48 -50	

73 -50 -45 -47.5	

74 -49 -43 -46	

75 -48 -43 -45.5	

76 -48 -43 -45.5	

77 -48 -43 -45.5	

78 -48 -43 -45.5	

79 -48 -44 -46	

80 -48 -46 -47	

81 -48 -46 -47	

82 -48 -46 -47	

83 -48 -46 -47	

84 -49 -46 -47.5	

85 -49 -48 -48.5	

86 -50 -48 -49	

87 -50 -48 -49	

88 -49 -45 -47	

89 -47 -45 -46	

90 -46 -44 -45	

91 -46 -44 -45	

92 -44 -44 -44	

93 -44 -44 -44	

94 -44 -44 -44	

95 -44 -44 -44	

96 -44 -44 -44	

key max1 RSSI_MAX-36

