#	X  Y1  Y2  Y3
	1 -57 -50 -53.5	

	2 -55 -50 -52.5	

	3 -57 -50 -53.5	

	4 -58 -50 -54	

	5 -58 -50 -54	

	6 -58 -50 -54	

	7 -57 -50 -53.5	

	8 -57 -51 -54	

	9 -57 -52 -54.5	

	10 -57 -53 -55	

	11 -57 -53 -55	

	12 -55 -53 -54	

	13 -52 -53 -52.5	

	14 -51 -52 -51.5	

	15 -50 -52 -51	

	16 -50 -54 -52	

	17 -50 -53 -51.5	

	18 -49 -51 -50	

	19 -49 -49 -49	

	20 -49 -49 -49	

	21 -49 -49 -49	

	22 -49 -49 -49	

	23 -49 -48 -48.5	

	24 -49 -47 -48	

	25 -49 -47 -48	

	26 -49 -46 -47.5	

	27 -48 -46 -47	

	28 -48 -46 -47	

	29 -47 -46 -46.5	

	30 -46 -46 -46	

	31 -46 -46 -46	

	32 -46 -46 -46	

	33 -45 -46 -45.5	

	34 -45 -46 -45.5	

	35 -45 -46 -45.5	

	36 -45 -47 -46	

	37 -45 -47 -46	

	38 -45 -47 -46	

	39 -45 -48 -46.5	

	40 -46 -48 -47	

	41 -46 -48 -47	

	42 -47 -49 -48	

	43 -48 -50 -49	

	44 -48 -50 -49	

	45 -48 -50 -49	

	46 -49 -51 -50	

	47 -49 -51 -50	

	48 -49 -51 -50	

	49 -49 -51 -50	

	50 -51 -51 -51	

	51 -51 -51 -51	

	52 -51 -50 -50.5	

	53 -51 -49 -50	

	54 -51 -49 -50	

	55 -50 -49 -49.5	

	56 -50 -49 -49.5	

	57 -48 -49 -48.5	

	58 -48 -49 -48.5	

	59 -48 -49 -48.5	

	60 -48 -50 -49	

	61 -48 -50 -49	

	62 -48 -51 -49.5	

	63 -48 -51 -49.5	

	64 -48 -51 -49.5	

	65 -48 -51 -49.5	

	66 -48 -52 -50	

	67 -48 -52 -50	

	68 -48 -52 -50	

	69 -48 -49 -48.5	

	70 -48 -48 -48	

	71 -48 -48 -48	

	72 -47 -48 -47.5	

	73 -47 -48 -47.5	

	74 -47 -49 -48	

	75 -47 -50 -48.5	

	76 -47 -51 -49	

	77 -46 -53 -49.5	

	78 -46 -54 -50	

	79 -46 -55 -50.5	

	80 -47 -59 -53	

	81 -49 -60 -54.5	

	82 -52 -60 -56	

	83 -55 -60 -57.5	

	84 -58 -60 -59	

	85 -58 -60 -59	

	86 -58 -60 -59	

	87 -58 -60 -59	

	88 -60 -61 -60.5	

	89 -60 -61 -60.5	

	90 -59 -59 -59	

	91 -58 -57 -57.5	

	92 -57 -56 -56.5	

	93 -57 -54 -55.5	

	94 -57 -53 -55	

	95 -55 -53 -54	

	96 -55 -55 -55	

#	key max33 RSSI_MAX-45.5

