1 -38 -46 -42	

2 -38 -46 -42	

3 -38 -45 -41.5	

4 -38 -43 -40.5	

5 -38 -43 -40.5	

6 -38 -43 -40.5	

7 -38 -42 -40	

8 -39 -42 -40.5	

9 -39 -42 -40.5	

10 -40 -41 -40.5	

11 -41 -40 -40.5	

12 -42 -40 -41	

13 -42 -39 -40.5	

14 -42 -39 -40.5	

15 -44 -39 -41.5	

16 -44 -39 -41.5	

17 -45 -39 -42	

18 -45 -39 -42	

19 -43 -39 -41	

20 -41 -39 -40	

21 -41 -39 -40	

22 -40 -39 -39.5	

23 -40 -39 -39.5	

24 -38 -38 -38	

25 -38 -38 -38	

26 -38 -38 -38	

27 -37 -38 -37.5	

28 -37 -36 -36.5	

29 -37 -36 -36.5	

30 -36 -36 -36	

31 -36 -36 -36	

32 -36 -36 -36	

33 -36 -36 -36	

34 -36 -36 -36	

35 -35 -36 -35.5	

36 -35 -36 -35.5	

37 -34 -36 -35	

38 -34 -36 -35	

39 -34 -36 -35	

40 -34 -36 -35	

41 -33 -36 -34.5	

42 -33 -36 -34.5	

43 -33 -36 -34.5	

44 -33 -36 -34.5	

45 -33 -36 -34.5	

46 -33 -36 -34.5	

47 -33 -36 -34.5	

48 -34 -36 -35	

49 -35 -36 -35.5	

50 -37 -36 -36.5	

51 -38 -37 -37.5	

52 -38 -38 -38	

53 -38 -38 -38	

54 -38 -38 -38	

55 -39 -39 -39	

56 -41 -39 -40	

57 -41 -40 -40.5	

58 -42 -40 -41	

59 -42 -40 -41	

60 -43 -40 -41.5	

61 -43 -40 -41.5	

62 -46 -40 -43	

63 -45 -38 -41.5	

64 -44 -38 -41	

65 -44 -38 -41	

66 -44 -38 -41	

67 -44 -38 -41	

68 -44 -38 -41	

69 -44 -38 -41	

70 -43 -38 -40.5	

71 -43 -38 -40.5	

72 -42 -38 -40	

73 -41 -38 -39.5	

74 -39 -40 -39.5	

75 -39 -46 -42.5	

76 -38 -37 -37.5	

77 -37 -37 -37	

78 -36 -37 -36.5	

79 -36 -37 -36.5	

80 -36 -37 -36.5	

81 -36 -37 -36.5	

82 -36 -38 -37	

83 -36 -38 -37	

84 -36 -38 -37	

85 -38 -39 -38.5	

86 -40 -39 -39.5	

87 -40 -40 -40	

88 -40 -41 -40.5	

89 -42 -42 -42	

90 -44 -43 -43.5	

91 -44 -45 -44.5	

92 -46 -46 -46	

93 -47 -48 -47.5	

94 -47 -50 -48.5	

95 -48 -50 -49	

96 -50 -51 -50.5	

97 -50 -51 -50.5	

98 -53 -52 -52.5	

99 -53 -53 -53	

100 -53 -53 -53	

key max41 RSSI_MAX-34.5

