#	X  Y1  Y2   Y3 
	1 -39 -40 -39.5	

	2 -39 -40 -39.5	

	3 -39 -40 -39.5	

	4 -39 -40 -39.5	

	5 -39 -41 -40	

	6 -39 -41 -40	

	7 -39 -44 -41.5	

	8 -39 -44 -41.5	

	9 -39 -45 -42	

	10 -39 -45 -42	

	11 -41 -45 -43	

	12 -41 -46 -43.5	

	13 -41 -46 -43.5	

	14 -42 -46 -44	

	15 -42 -46 -44	

	16 -42 -44 -43	

	17 -43 -42 -42.5	

	18 -43 -40 -41.5	

	19 -43 -37 -40	

	20 -42 -37 -39.5	

	21 -41 -37 -39	

	22 -39 -37 -38	

	23 -39 -37 -38	

	24 -39 -37 -38	

	25 -39 -37 -38	

	26 -38 -37 -37.5	

	27 -38 -37 -37.5	

	28 -37 -36 -36.5	

	29 -37 -36 -36.5	

	30 -36 -36 -36	

	31 -36 -36 -36	

	32 -36 -36 -36	

	33 -36 -36 -36	

	34 -36 -36 -36	

	35 -36 -36 -36	

	36 -35 -36 -35.5	

	37 -33 -35 -34	

	38 -33 -35 -34	

	39 -33 -36 -34.5	

	40 -33 -35 -34	

	41 -32 -35 -33.5	

	42 -32 -35 -33.5	

	43 -32 -35 -33.5	

	44 -32 -35 -33.5	

	45 -32 -35 -33.5	

	46 -32 -35 -33.5	

	47 -34 -35 -34.5	

	48 -36 -35 -35.5	

	49 -37 -35 -36	

	50 -37 -35 -36	

	51 -38 -36 -37	

	52 -38 -37 -37.5	

	53 -39 -37 -38	

	54 -39 -37 -38	

	55 -39 -38 -38.5	

	56 -41 -38 -39.5	

	57 -41 -38 -39.5	

	58 -41 -38 -39.5	

	59 -41 -38 -39.5	

	60 -43 -38 -40.5	

	61 -43 -38 -40.5	

	62 -44 -38 -41	

	63 -44 -38 -41	

	64 -44 -37 -40.5	

	65 -46 -37 -41.5	

	66 -44 -37 -40.5	

	67 -43 -37 -40	

	68 -43 -37 -40	

	69 -42 -37 -39.5	

	70 -42 -37 -39.5	

	71 -42 -36 -39	

	72 -42 -36 -39	

	73 -42 -36 -39	

	74 -41 -36 -38.5	

	75 -41 -36 -38.5	

	76 -40 -36 -38	

	77 -39 -36 -37.5	

	78 -39 -36 -37.5	

	79 -38 -37 -37.5	

	80 -38 -39 -38.5	

	81 -36 -39 -37.5	

	82 -35 -39 -37	

	83 -35 -40 -37.5	

	84 -35 -40 -37.5	

	85 -35 -41 -38	

	86 -36 -41 -38.5	

	87 -36 -42 -39	

	88 -38 -42 -40	

	89 -38 -42 -40	

	90 -38 -42 -40	

	91 -40 -42 -41	

	92 -40 -42 -41	

	93 -40 -43 -41.5	

	94 -41 -44 -42.5	

	95 -42 -45 -43.5	

	96 -43 -45 -44	

	97 -44 -45 -44.5	

	98 -44 -45 -44.5	

	99 -45 -45 -45	

	100 -45 -45 -45	

#	key max41 RSSI_MAX-33.5

