1 -41 -41 -41	

2 -41 -41 -41	

3 -42 -41 -41.5	

4 -42 -41 -41.5	

5 -42 -41 -41.5	

6 -42 -44 -43	

7 -42 -48 -45	

8 -43 -48 -45.5	

9 -43 -48 -45.5	

10 -43 -48 -45.5	

11 -43 -48 -45.5	

12 -43 -47 -45	

13 -43 -47 -45	

14 -43 -47 -45	

15 -43 -51 -47	

16 -43 -54 -48.5	

17 -43 -56 -49.5	

18 -43 -50 -46.5	

19 -45 -47 -46	

20 -47 -45 -46	

21 -48 -43 -45.5	

22 -48 -41 -44.5	

23 -48 -39 -43.5	

24 -48 -38 -43	

25 -46 -37 -41.5	

26 -43 -36 -39.5	

27 -42 -36 -39	

28 -41 -36 -38.5	

29 -41 -36 -38.5	

30 -40 -36 -38	

31 -39 -37 -38	

32 -39 -37 -38	

33 -39 -38 -38.5	

34 -38 -38 -38	

35 -38 -37 -37.5	

36 -38 -36 -37	

37 -38 -36 -37	

38 -38 -38 -38	

39 -38 -39 -38.5	

40 -38 -39 -38.5	

41 -38 -39 -38.5	

42 -38 -39 -38.5	

43 -38 -38 -38	

44 -38 -38 -38	

45 -37 -36 -36.5	

46 -36 -38 -37	

47 -36 -38 -37	

48 -35 -35 -35	

49 -35 -32 -33.5	

50 -34 -32 -33	

51 -34 -32 -33	

52 -32 -31 -31.5	

53 -32 -31 -31.5	

54 -31 -31 -31	

55 -31 -31 -31	

56 -29 -31 -30	

57 -36 -32 -34	

58 -30 -32 -31	

59 -28 -32 -30	

60 -27 -32 -29.5	

61 -27 -32 -29.5	

62 -27 -33 -30	

63 -27 -34 -30.5	

64 -27 -37 -32	

65 -28 -37 -32.5	

66 -29 -37 -33	

67 -33 -37 -35	

68 -33 -38 -35.5	

69 -33 -38 -35.5	

70 -34 -40 -37	

71 -36 -40 -38	

72 -37 -40 -38.5	

73 -40 -40 -40	

74 -40 -39 -39.5	

75 -39 -39 -39	

76 -39 -39 -39	

77 -39 -39 -39	

78 -38 -39 -38.5	

79 -39 -40 -39.5	

80 -42 -42 -42	

81 -43 -42 -42.5	

82 -43 -42 -42.5	

83 -43 -43 -43	

84 -43 -43 -43	

85 -46 -43 -44.5	

86 -47 -42 -44.5	

87 -47 -42 -44.5	

88 -46 -41 -43.5	

89 -44 -39 -41.5	

90 -41 -37 -39	

91 -40 -35 -37.5	

92 -38 -35 -36.5	

93 -37 -34 -35.5	

94 -36 -34 -35	

95 -35 -34 -34.5	

96 -34 -34 -34	

key max60 RSSI_MAX-29.5

