1 -34 -32 -33	

2 -32 -32 -32	

3 -32 -32 -32	

4 -32 -32 -32	

5 -32 -32 -32	

6 -32 -32 -32	

7 -31 -32 -31.5	

8 -31 -32 -31.5	

9 -31 -33 -32	

10 -35 -34 -34.5	

11 -35 -37 -36	

12 -35 -37 -36	

13 -38 -37 -37.5	

14 -37 -38 -37.5	

15 -38 -39 -38.5	

16 -43 -40 -41.5	

17 -44 -41 -42.5	

18 -43 -41 -42	

19 -42 -41 -41.5	

20 -42 -37 -39.5	

21 -42 -37 -39.5	

22 -42 -37 -39.5	

23 -42 -37 -39.5	

24 -43 -37 -40	

25 -43 -37 -40	

26 -43 -36 -39.5	

27 -42 -36 -39	

28 -42 -36 -39	

29 -41 -36 -38.5	

30 -38 -35 -36.5	

31 -38 -34 -36	

32 -37 -34 -35.5	

33 -37 -33 -35	

34 -35 -33 -34	

35 -33 -32 -32.5	

36 -33 -32 -32.5	

37 -31 -32 -31.5	

38 -31 -32 -31.5	

39 -31 -32 -31.5	

40 -31 -32 -31.5	

41 -31 -33 -32	

42 -31 -34 -32.5	

43 -31 -34 -32.5	

44 -31 -34 -32.5	

45 -31 -36 -33.5	

46 -32 -37 -34.5	

47 -34 -37 -35.5	

48 -36 -39 -37.5	

49 -37 -41 -39	

50 -40 -45 -42.5	

51 -43 -49 -46	

52 -46 -53 -49.5	

53 -53 -52 -52.5	

54 -55 -48 -51.5	

55 -51 -45 -48	

56 -47 -42 -44.5	

57 -44 -42 -43	

58 -43 -42 -42.5	

59 -43 -42 -42.5	

60 -43 -42 -42.5	

61 -43 -42 -42.5	

62 -43 -42 -42.5	

63 -43 -43 -43	

64 -43 -43 -43	

65 -43 -42 -42.5	

66 -43 -42 -42.5	

67 -43 -42 -42.5	

68 -43 -41 -42	

69 -43 -41 -42	

70 -43 -40 -41.5	

71 -43 -39 -41	

72 -43 -38 -40.5	

73 -43 -37 -40	

74 -41 -37 -39	

75 -41 -37 -39	

76 -40 -37 -38.5	

77 -40 -37 -38.5	

78 -40 -36 -38	

79 -39 -36 -37.5	

80 -39 -36 -37.5	

81 -37 -36 -36.5	

82 -37 -36 -36.5	

83 -37 -36 -36.5	

84 -36 -36 -36	

85 -36 -36 -36	

86 -36 -36 -36	

87 -35 -36 -35.5	

88 -35 -36 -35.5	

89 -35 -36 -35.5	

90 -35 -36 -35.5	

91 -35 -36 -35.5	

92 -35 -36 -35.5	

93 -35 -36 -35.5	

94 -35 -36 -35.5	

95 -35 -36 -35.5	

96 -35 -35 -35	

key max7 RSSI_MAX-31.5

