#	X  Y1  Y2  Y3
	1 -38 -38 -38	

	2 -38 -38 -38	

	3 -38 -39 -38.5	

	4 -38 -39 -38.5	

	5 -38 -41 -39.5	

	6 -38 -41 -39.5	

	7 -39 -41 -40	

	8 -39 -39 -39	

	9 -39 -38 -38.5	

	10 -39 -38 -38.5	

	11 -38 -38 -38	

	12 -38 -37 -37.5	

	13 -37 -37 -37	

	14 -36 -37 -36.5	

	15 -36 -37 -36.5	

	16 -35 -37 -36	

	17 -35 -37 -36	

	18 -34 -37 -35.5	

	19 -36 -37 -36.5	

	20 -35 -37 -36	

	21 -34 -37 -35.5	

	22 -34 -37 -35.5	

	23 -34 -37 -35.5	

	24 -34 -38 -36	

	25 -34 -38 -36	

	26 -34 -39 -36.5	

	27 -35 -39 -37	

	28 -36 -40 -38	

	29 -37 -41 -39	

	30 -39 -43 -41	

	31 -40 -45 -42.5	

	32 -44 -49 -46.5	

	33 -46 -53 -49.5	

	34 -52 -58 -55	

	35 -59 -63 -61	

	36 -61 -57 -59	

	37 -60 -55 -57.5	

	38 -55 -53 -54	

	39 -52 -50 -51	

	40 -50 -49 -49.5	

	41 -49 -48 -48.5	

	42 -48 -49 -48.5	

	43 -48 -49 -48.5	

	44 -49 -49 -49	

	45 -52 -53 -52.5	

	46 -53 -57 -55	

	47 -56 -61 -58.5	

	48 -59 -65 -62	

	49 -61 -59 -60	

	50 -59 -52 -55.5	

	51 -54 -48 -51	

	52 -50 -45 -47.5	

	53 -47 -44 -45.5	

	54 -45 -42 -43.5	

	55 -44 -41 -42.5	

	56 -43 -41 -42	

	57 -42 -41 -41.5	

	58 -41 -41 -41	

	59 -40 -41 -40.5	

	60 -40 -41 -40.5	

	61 -40 -41 -40.5	

	62 -40 -42 -41	

	63 -40 -42 -41	

	64 -40 -42 -41	

	65 -40 -42 -41	

	66 -40 -42 -41	

	67 -40 -42 -41	

	68 -40 -42 -41	

	69 -41 -42 -41.5	

	70 -41 -43 -42	

	71 -41 -43 -42	

	72 -42 -43 -42.5	

	73 -42 -44 -43	

	74 -42 -45 -43.5	

	75 -42 -45 -43.5	

	76 -42 -46 -44	

	77 -42 -47 -44.5	

	78 -42 -47 -44.5	

	79 -42 -48 -45	

	80 -43 -48 -45.5	

	81 -43 -49 -46	

	82 -43 -49 -46	

	83 -43 -49 -46	

	84 -45 -49 -47	

	85 -47 -49 -48	

	86 -48 -50 -49	

	87 -48 -48 -48	

	88 -48 -49 -48.5	

	89 -48 -49 -48.5	

	90 -48 -49 -48.5	

	91 -48 -48 -48	

	92 -48 -48 -48	

	93 -48 -48 -48	

	94 -48 -48 -48	

	95 -48 -48 -48	

	96 -48 -48 -48	

#	key max18 RSSI_MAX-35.5

