1 -40 -37 -38.5	

2 -42 -37 -39.5	

3 -40 -37 -38.5	

4 -37 -37 -37	

5 -38 -37 -37.5	

6 -37 -38 -37.5	

7 -36 -38 -37	

8 -36 -39 -37.5	

9 -36 -39 -37.5	

10 -36 -40 -38	

11 -36 -41 -38.5	

12 -36 -43 -39.5	

13 -36 -43 -39.5	

14 -36 -42 -39	

15 -36 -42 -39	

16 -36 -42 -39	

17 -36 -42 -39	

18 -36 -42 -39	

19 -37 -42 -39.5	

20 -37 -42 -39.5	

21 -37 -41 -39	

22 -37 -40 -38.5	

23 -37 -40 -38.5	

24 -37 -36 -36.5	

25 -37 -35 -36	

26 -37 -35 -36	

27 -37 -35 -36	

28 -37 -35 -36	

29 -37 -34 -35.5	

30 -37 -33 -35	

31 -37 -33 -35	

32 -37 -33 -35	

33 -37 -33 -35	

34 -37 -33 -35	

35 -37 -33 -35	

36 -37 -33 -35	

37 -36 -33 -34.5	

38 -35 -33 -34	

39 -35 -33 -34	

40 -35 -33 -34	

41 -34 -33 -33.5	

42 -35 -33 -34	

43 -36 -33 -34.5	

44 -37 -35 -36	

45 -39 -36 -37.5	

46 -39 -39 -39	

47 -39 -39 -39	

48 -40 -42 -41	

49 -40 -41 -40.5	

50 -42 -42 -42	

51 -44 -44 -44	

52 -46 -46 -46	

53 -48 -47 -47.5	

54 -54 -50 -52	

55 -56 -51 -53.5	

56 -58 -50 -54	

57 -56 -48 -52	

58 -54 -48 -51	

59 -52 -48 -50	

60 -52 -52 -52	

61 -50 -51 -50.5	

62 -51 -50 -50.5	

63 -52 -48 -50	

64 -52 -48 -50	

65 -50 -48 -49	

66 -50 -48 -49	

67 -50 -48 -49	

68 -52 -48 -50	

69 -52 -47 -49.5	

70 -52 -46 -49	

71 -50 -46 -48	

72 -50 -46 -48	

73 -50 -46 -48	

74 -49 -44 -46.5	

75 -47 -44 -45.5	

76 -46 -44 -45	

77 -46 -43 -44.5	

78 -46 -43 -44.5	

79 -45 -43 -44	

80 -44 -42 -43	

81 -44 -42 -43	

82 -44 -42 -43	

83 -43 -41 -42	

84 -43 -42 -42.5	

85 -43 -43 -43	

86 -43 -45 -44	

87 -43 -45 -44	

88 -43 -46 -44.5	

89 -43 -47 -45	

90 -44 -48 -46	

91 -46 -50 -48	

92 -48 -54 -51	

93 -49 -59 -54	

94 -53 -63 -58	

95 -59 -67 -63	

96 -66 -66 -66	

