#80_1_1
1 -56 -56 -56	

2 -57 -56 -56.5	

3 -58 -56 -57	

4 -58 -57 -57.5	

5 -58 -57 -57.5	

6 -58 -57 -57.5	

7 -58 -59 -58.5	

8 -59 -59 -59	

9 -61 -60 -60.5	

10 -62 -61 -61.5	

11 -65 -63 -64	

12 -69 -66 -67.5	

13 -73 -66 -69.5	

14 -71 -68 -69.5	

15 -69 -67 -68	

16 -66 -66 -66	

17 -62 -62 -62	

18 -61 -60 -60.5	

19 -59 -60 -59.5	

20 -57 -58 -57.5	

21 -55 -56 -55.5	

22 -54 -55 -54.5	

23 -54 -54 -54	

24 -50 -54 -52	

25 -50 -54 -52	

26 -50 -53 -51.5	

27 -50 -53 -51.5	

28 -50 -53 -51.5	

29 -51 -53 -52	

30 -51 -53 -52	

31 -53 -57 -55	

32 -53 -56 -54.5	

33 -56 -55 -55.5	

34 -62 -52 -57	

35 -62 -54 -58	

36 -57 -53 -55	

37 -51 -53 -52	

38 -51 -53 -52	

39 -49 -52 -50.5	

40 -49 -52 -50.5	

41 -47 -51 -49	

42 -46 -50 -48	

43 -45 -50 -47.5	

44 -44 -54 -49	

45 -43 -54 -48.5	

46 -43 -52 -47.5	

47 -43 -50 -46.5	

48 -43 -49 -46	

49 -43 -50 -46.5	

50 -43 -47 -45	

51 -43 -47 -45	

52 -43 -47 -45	

53 -43 -47 -45	

54 -42 -47 -44.5	

55 -42 -46 -44	

56 -42 -46 -44	

57 -42 -46 -44	

58 -42 -47 -44.5	

59 -42 -47 -44.5	

60 -42 -48 -45	

61 -41 -47 -44	

62 -41 -47 -44	

63 -40 -47 -43.5	

64 -46 -44 -45	

65 -39 -44 -41.5	

66 -39 -42 -40.5	

67 -39 -40 -39.5	

68 -39 -37 -38	

69 -39 -35 -37	

70 -39 -35 -37	

71 -39 -35 -37	

72 -39 -35 -37	

73 -35 -35 -35	

74 -34 -35 -34.5	

75 -34 -35 -34.5	

76 -35 -40 -37.5	

77 -35 -36 -35.5	

78 -35 -36 -35.5	

79 -35 -36 -35.5	

80 -35 -36 -35.5	

81 -35 -36 -35.5	

82 -35 -35 -35	

83 -33 -34 -33.5	

84 -32 -33 -32.5	

85 -33 -32 -32.5	

86 -33 -32 -32.5	

87 -33 -31 -32	

88 -31 -30 -30.5	

89 -31 -30 -30.5	

90 -31 -29 -30	

91 -30 -28 -29	

92 -29 -28 -28.5	

93 -29 -28 -28.5	

94 -28 -28 -28	

95 -27 -27 -27	

96 -27 -27 -27
#80_1_2
1 -15 -55 -35	

2 -51 -55 -53	

3 -55 -57 -56	

4 -56 -57 -56.5	

5 -56 -57 -56.5	

6 -56 -57 -56.5	

7 -57 -57 -57	

8 -58 -57 -57.5	

9 -58 -59 -58.5	

10 -59 -60 -59.5	

11 -59 -62 -60.5	

12 -59 -65 -62	

13 -61 -65 -63	

14 -61 -65 -63	

15 -61 -68 -64.5	

16 -61 -65 -63	

17 -61 -66 -63.5	

18 -61 -66 -63.5	

19 -60 -65 -62.5	

20 -60 -64 -62	

21 -59 -64 -61.5	

22 -59 -66 -62.5	

23 -57 -64 -60.5	

24 -57 -61 -59	

25 -56 -63 -59.5	

26 -54 -60 -57	

27 -53 -60 -56.5	

28 -52 -59 -55.5	

29 -52 -59 -55.5	

30 -51 -56 -53.5	

31 -49 -55 -52	

32 -48 -55 -51.5	

33 -46 -53 -49.5	

34 -46 -51 -48.5	

35 -45 -50 -47.5	

36 -45 -49 -47	

37 -43 -49 -46	

38 -42 -48 -45	

39 -41 -47 -44	

40 -41 -47 -44	

41 -40 -50 -45	

42 -39 -52 -45.5	

43 -39 -52 -45.5	

44 -38 -52 -45	

45 -38 -49 -43.5	

46 -36 -44 -40	

47 -36 -42 -39	

48 -35 -39 -37	

49 -35 -37 -36	

50 -34 -35 -34.5	

51 -33 -33 -33	

52 -33 -31 -32	

53 -33 -30 -31.5	

54 -32 -29 -30.5	

55 -31 -29 -30	

56 -31 -28 -29.5	

57 -30 -27 -28.5	

58 -30 -26 -28	

59 -30 -26 -28	

60 -30 -26 -28	

61 -30 -26 -28	

62 -30 -26 -28	

63 -30 -26 -28	

64 -30 -26 -28	

65 -30 -26 -28	

66 -29 -26 -27.5	

67 -28 -25 -26.5	

68 -30 -24 -27	

69 -29 -22 -25.5	

70 -29 -17 -23	

71 -29 -14 -21.5	

72 -29 -14 -21.5	

73 -28 -12 -20	

74 -28 -13 -20.5	

75 -33 -11 -22	

76 -34 -13 -23.5	

77 -28 -12 -20	

78 -28 -12 -20	

79 -28 -12 -20	

80 -26 -13 -19.5	

81 -25 -14 -19.5	

82 -15 -18 -16.5	

83 -11 -16 -13.5	

84 -9 -17 -13	

85 -9 -20 -14.5	

86 -11 -21 -16	

87 -13 -29 -21	

88 -13 -23 -18	

89 -17 -25 -21	

90 -20 -27 -23.5	

91 -22 -28 -25	

92 -24 -30 -27	

93 -25 -31 -28	

94 -32 -31 -31.5	

95 -33 -34 -33.5	

96 -35 -35 -35	

#80_2_1
1 -46 -56 -51	

2 -54 -56 -55	

3 -55 -56 -55.5	

4 -55 -57 -56	

5 -56 -57 -56.5	

6 -56 -57 -56.5	

7 -56 -57 -56.5	

8 -56 -57 -56.5	

9 -56 -57 -56.5	

10 -57 -57 -57	

11 -57 -57 -57	

12 -56 -57 -56.5	

13 -56 -57 -56.5	

14 -56 -57 -56.5	

15 -56 -58 -57	

16 -55 -58 -56.5	

17 -55 -58 -56.5	

18 -55 -58 -56.5	

19 -55 -58 -56.5	

20 -56 -59 -57.5	

21 -57 -59 -58	

22 -57 -59 -58	

23 -57 -60 -58.5	

24 -57 -60 -58.5	

25 -58 -60 -59	

26 -59 -60 -59.5	

27 -59 -61 -60	

28 -60 -63 -61.5	

29 -60 -64 -62	

30 -60 -64 -62	

31 -60 -63 -61.5	

32 -58 -60 -59	

33 -58 -60 -59	

34 -57 -59 -58	

35 -56 -57 -56.5	

36 -56 -56 -56	

37 -56 -54 -55	

38 -56 -52 -54	

39 -54 -51 -52.5	

40 -54 -51 -52.5	

41 -53 -51 -52	

42 -53 -46 -49.5	

43 -53 -45 -49	

44 -52 -45 -48.5	

45 -52 -44 -48	

46 -52 -43 -47.5	

47 -52 -43 -47.5	

48 -52 -43 -47.5	

49 -52 -43 -47.5	

50 -51 -43 -47	

51 -50 -43 -46.5	

52 -50 -43 -46.5	

53 -49 -44 -46.5	

54 -48 -44 -46	

55 -48 -44 -46	

56 -47 -45 -46	

57 -47 -45 -46	

58 -47 -46 -46.5	

59 -45 -48 -46.5	

60 -45 -48 -46.5	

61 -45 -49 -47	

62 -44 -53 -48.5	

63 -43 -54 -48.5	

64 -44 -57 -50.5	

65 -42 -57 -49.5	

66 -40 -55 -47.5	

67 -40 -49 -44.5	

68 -39 -45 -42	

69 -39 -43 -41	

70 -38 -42 -40	

71 -38 -41 -39.5	

72 -38 -39 -38.5	

73 -38 -39 -38.5	

74 -38 -39 -38.5	

75 -38 -37 -37.5	

76 -39 -37 -38	

77 -42 -38 -40	

78 -42 -38 -40	

79 -42 -38 -40	

80 -42 -38 -40	

81 -42 -38 -40	

82 -42 -38 -40	

83 -42 -38 -40	

84 -42 -41 -41.5	

85 -42 -40 -41	

86 -42 -41 -41.5	

87 -42 -41 -41.5	

88 -42 -42 -42	

89 -42 -43 -42.5	

90 -43 -44 -43.5	

91 -44 -44 -44	

92 -44 -44 -44	

93 -44 -46 -45	

94 -46 -46 -46	

95 -46 -47 -46.5	

96 -47 -47 -47	
#80_2_2
1 -55 -59 -57	

2 -61 -59 -60	

3 -61 -59 -60	

4 -61 -58 -59.5	

5 -62 -58 -60	

6 -61 -58 -59.5	

7 -61 -58 -59.5	

8 -61 -58 -59.5	

9 -60 -58 -59	

10 -59 -58 -58.5	

11 -59 -59 -59	

12 -59 -59 -59	

13 -58 -59 -58.5	

14 -59 -60 -59.5	

15 -60 -60 -60	

16 -60 -61 -60.5	

17 -59 -62 -60.5	

18 -61 -62 -61.5	

19 -64 -62 -63	

20 -64 -63 -63.5	

21 -71 -64 -67.5	

22 -70 -64 -67	

23 -67 -61 -64	

24 -63 -57 -60	

25 -63 -57 -60	

26 -63 -56 -59.5	

27 -60 -56 -58	

28 -60 -56 -58	

29 -59 -56 -57.5	

30 -59 -56 -57.5	

31 -59 -56 -57.5	

32 -59 -57 -58	

33 -59 -59 -59	

34 -59 -60 -59.5	

35 -59 -62 -60.5	

36 -60 -68 -64	

37 -61 -70 -65.5	

38 -61 -63 -62	

39 -61 -59 -60	

40 -61 -57 -59	

41 -60 -54 -57	

42 -59 -50 -54.5	

43 -57 -49 -53	

44 -56 -47 -51.5	

45 -55 -46 -50.5	

46 -55 -46 -50.5	

47 -54 -45 -49.5	

48 -52 -45 -48.5	

49 -52 -45 -48.5	

50 -52 -45 -48.5	

51 -49 -45 -47	

52 -49 -45 -47	

53 -49 -45 -47	

54 -48 -45 -46.5	

55 -47 -46 -46.5	

56 -47 -46 -46.5	

57 -46 -47 -46.5	

58 -45 -48 -46.5	

59 -45 -51 -48	

60 -45 -48 -46.5	

61 -44 -50 -47	

62 -43 -52 -47.5	

63 -44 -53 -48.5	

64 -43 -57 -50	

65 -42 -58 -50	

66 -41 -57 -49	

67 -41 -54 -47.5	

68 -40 -50 -45	

69 -40 -46 -43	

70 -39 -45 -42	

71 -39 -45 -42	

72 -39 -42 -40.5	

73 -40 -39 -39.5	

74 -40 -38 -39	

75 -41 -38 -39.5	

76 -42 -36 -39	

77 -43 -38 -40.5	

78 -44 -36 -40	

79 -48 -36 -42	

80 -50 -34 -42	

81 -52 -35 -43.5	

82 -52 -35 -43.5	

83 -53 -37 -45	

84 -54 -35 -44.5	

85 -55 -36 -45.5	

86 -55 -37 -46	

87 -56 -37 -46.5	

88 -55 -37 -46	

89 -53 -37 -45	

90 -50 -37 -43.5	

91 -48 -38 -43	

92 -46 -39 -42.5	

93 -43 -41 -42	

94 -41 -41 -41	

95 -41 -41 -41	

96 -41 -41 -41	
#80_3_1
1 -56 -55 -55.5	

2 -58 -55 -56.5	

3 -59 -55 -57	

4 -59 -56 -57.5	

5 -59 -57 -58	

6 -59 -57 -58	

7 -59 -57 -58	

8 -60 -57 -58.5	

9 -62 -60 -61	

10 -63 -60 -61.5	

11 -65 -60 -62.5	

12 -65 -61 -63	

13 -62 -61 -61.5	

14 -62 -62 -62	

15 -66 -61 -63.5	

16 -67 -62 -64.5	

17 -61 -58 -59.5	

18 -61 -59 -60	

19 -61 -60 -60.5	

20 -62 -58 -60	

21 -64 -58 -61	

22 -60 -58 -59	

23 -60 -58 -59	

24 -60 -59 -59.5	

25 -62 -59 -60.5	

26 -59 -59 -59	

27 -58 -59 -58.5	

28 -60 -61 -60.5	

29 -62 -58 -60	

30 -59 -56 -57.5	

31 -61 -57 -59	

32 -60 -57 -58.5	

33 -63 -58 -60.5	

34 -60 -58 -59	

35 -61 -55 -58	

36 -61 -55 -58	

37 -60 -55 -57.5	

38 -58 -58 -58	

39 -57 -49 -53	

40 -57 -48 -52.5	

41 -57 -47 -52	

42 -52 -48 -50	

43 -50 -48 -49	

44 -50 -47 -48.5	

45 -50 -48 -49	

46 -49 -47 -48	

47 -48 -45 -46.5	

48 -50 -46 -48	

49 -49 -47 -48	

50 -49 -48 -48.5	

51 -46 -49 -47.5	

52 -46 -49 -47.5	

53 -47 -52 -49.5	

54 -47 -52 -49.5	

55 -47 -52 -49.5	

56 -47 -54 -50.5	

57 -47 -54 -50.5	

58 -47 -56 -51.5	

59 -46 -57 -51.5	

60 -46 -58 -52	

61 -46 -55 -50.5	

62 -46 -55 -50.5	

63 -46 -53 -49.5	

64 -46 -51 -48.5	

65 -46 -49 -47.5	

66 -46 -47 -46.5	

67 -46 -44 -45	

68 -47 -43 -45	

69 -47 -43 -45	

70 -48 -43 -45.5	

71 -48 -43 -45.5	

72 -53 -43 -48	

73 -53 -43 -48	

74 -54 -43 -48.5	

75 -54 -43 -48.5	

76 -55 -43 -49	

77 -58 -43 -50.5	

78 -58 -43 -50.5	

79 -61 -43 -52	

80 -59 -44 -51.5	

81 -59 -44 -51.5	

82 -59 -44 -51.5	

83 -62 -45 -53.5	

84 -62 -46 -54	

85 -61 -46 -53.5	

86 -59 -46 -52.5	

87 -59 -48 -53.5	

88 -57 -49 -53	

89 -58 -49 -53.5	

90 -57 -50 -53.5	

91 -50 -52 -51	

92 -49 -55 -52	

93 -49 -55 -52	

94 -49 -56 -52.5	

95 -53 -56 -54.5	

96 -54 -54 -54	
#80_3_2
1 -56 -55 -55.5	

2 -58 -55 -56.5	

3 -59 -55 -57	

4 -59 -56 -57.5	

5 -59 -57 -58	

6 -59 -57 -58	

7 -59 -57 -58	

8 -60 -57 -58.5	

9 -62 -60 -61	

10 -63 -60 -61.5	

11 -65 -60 -62.5	

12 -65 -61 -63	

13 -62 -61 -61.5	

14 -62 -62 -62	

15 -66 -61 -63.5	

16 -67 -62 -64.5	

17 -61 -58 -59.5	

18 -61 -59 -60	

19 -61 -60 -60.5	

20 -62 -58 -60	

21 -64 -58 -61	

22 -60 -58 -59	

23 -60 -58 -59	

24 -60 -59 -59.5	

25 -62 -59 -60.5	

26 -59 -59 -59	

27 -58 -59 -58.5	

28 -60 -61 -60.5	

29 -62 -58 -60	

30 -59 -56 -57.5	

31 -61 -57 -59	

32 -60 -57 -58.5	

33 -63 -58 -60.5	

34 -60 -58 -59	

35 -61 -55 -58	

36 -61 -55 -58	

37 -60 -55 -57.5	

38 -58 -58 -58	

39 -57 -49 -53	

40 -57 -48 -52.5	

41 -57 -47 -52	

42 -52 -48 -50	

43 -50 -48 -49	

44 -50 -47 -48.5	

45 -50 -48 -49	

46 -49 -47 -48	

47 -48 -45 -46.5	

48 -50 -46 -48	

49 -49 -47 -48	

50 -49 -48 -48.5	

51 -46 -49 -47.5	

52 -46 -49 -47.5	

53 -47 -52 -49.5	

54 -47 -52 -49.5	

55 -47 -52 -49.5	

56 -47 -54 -50.5	

57 -47 -54 -50.5	

58 -47 -56 -51.5	

59 -46 -57 -51.5	

60 -46 -58 -52	

61 -46 -55 -50.5	

62 -46 -55 -50.5	

63 -46 -53 -49.5	

64 -46 -51 -48.5	

65 -46 -49 -47.5	

66 -46 -47 -46.5	

67 -46 -44 -45	

68 -47 -43 -45	

69 -47 -43 -45	

70 -48 -43 -45.5	

71 -48 -43 -45.5	

72 -53 -43 -48	

73 -53 -43 -48	

74 -54 -43 -48.5	

75 -54 -43 -48.5	

76 -55 -43 -49	

77 -58 -43 -50.5	

78 -58 -43 -50.5	

79 -61 -43 -52	

80 -59 -44 -51.5	

81 -59 -44 -51.5	

82 -59 -44 -51.5	

83 -62 -45 -53.5	

84 -62 -46 -54	

85 -61 -46 -53.5	

86 -59 -46 -52.5	

87 -59 -48 -53.5	

88 -57 -49 -53	

89 -58 -49 -53.5	

90 -57 -50 -53.5	

91 -50 -52 -51	

92 -49 -55 -52	

93 -49 -55 -52	

94 -49 -56 -52.5	

95 -53 -56 -54.5	

96 -54 -54 -54	
#80_4_1
1 -61 -62 -61.5	

2 -60 -62 -61	

3 -60 -64 -62	

4 -62 -64 -63	

5 -62 -61 -61.5	

6 -62 -60 -61	

7 -62 -59 -60.5	

8 -62 -60 -61	

9 -63 -60 -61.5	

10 -62 -61 -61.5	

11 -63 -63 -63	

12 -62 -65 -63.5	

13 -59 -66 -62.5	

14 -59 -67 -63	

15 -59 -65 -62	

16 -59 -65 -62	

17 -63 -67 -65	

18 -65 -65 -65	

19 -65 -61 -63	

20 -63 -61 -62	

21 -61 -59 -60	

22 -60 -58 -59	

23 -59 -58 -58.5	

24 -59 -59 -59	

25 -58 -59 -58.5	

26 -57 -59 -58	

27 -57 -61 -59	

28 -58 -61 -59.5	

29 -58 -60 -59	

30 -58 -60 -59	

31 -58 -60 -59	

32 -58 -60 -59	

33 -58 -60 -59	

34 -58 -59 -58.5	

35 -58 -57 -57.5	

36 -58 -56 -57	

37 -58 -55 -56.5	

38 -58 -55 -56.5	

39 -57 -56 -56.5	

40 -56 -56 -56	

41 -54 -56 -55	

42 -54 -56 -55	

43 -53 -56 -54.5	

44 -52 -56 -54	

45 -52 -56 -54	

46 -52 -55 -53.5	

47 -52 -55 -53.5	

48 -51 -55 -53	

49 -52 -53 -52.5	

50 -53 -56 -54.5	

51 -53 -54 -53.5	

52 -51 -54 -52.5	

53 -51 -54 -52.5	

54 -51 -56 -53.5	

55 -50 -56 -53	

56 -50 -56 -53	

57 -50 -55 -52.5	

58 -50 -55 -52.5	

59 -50 -56 -53	

60 -50 -56 -53	

61 -50 -55 -52.5	

62 -51 -55 -53	

63 -52 -55 -53.5	

64 -52 -55 -53.5	

65 -50 -54 -52	

66 -48 -54 -51	

67 -48 -54 -51	

68 -48 -54 -51	

69 -48 -53 -50.5	

70 -48 -52 -50	

71 -49 -52 -50.5	

72 -49 -52 -50.5	

73 -49 -52 -50.5	

74 -49 -52 -50.5	

75 -51 -52 -51.5	

76 -53 -52 -52.5	

77 -56 -53 -54.5	

78 -61 -53 -57	

79 -66 -56 -61	

80 -64 -55 -59.5	

81 -59 -55 -57	

82 -60 -56 -58	

83 -59 -56 -57.5	

84 -63 -56 -59.5	

85 -58 -56 -57	

86 -57 -56 -56.5	

87 -57 -56 -56.5	

88 -57 -56 -56.5	

89 -56 -55 -55.5	

90 -54 -54 -54	

91 -55 -54 -54.5	

92 -54 -54 -54	

93 -52 -54 -53	

94 -51 -51 -51	

95 -50 -53 -51.5	

96 -49 -49 -49	
#80_4_2
1 -52 -53 -52.5	

2 -53 -54 -53.5	

3 -53 -52 -52.5	

4 -53 -53 -53	

5 -53 -53 -53	

6 -53 -53 -53	

7 -53 -53 -53	

8 -52 -53 -52.5	

9 -53 -54 -53.5	

10 -54 -54 -54	

11 -54 -55 -54.5	

12 -54 -55 -54.5	

13 -55 -55 -55	

14 -55 -55 -55	

15 -55 -55 -55	

16 -55 -55 -55	

17 -55 -54 -54.5	

18 -55 -53 -54	

19 -55 -53 -54	

20 -55 -54 -54.5	

21 -55 -53 -54	

22 -55 -53 -54	

23 -55 -53 -54	

24 -55 -55 -55	

25 -55 -54 -54.5	

26 -55 -54 -54.5	

27 -55 -55 -55	

28 -55 -56 -55.5	

29 -55 -56 -55.5	

30 -55 -57 -56	

31 -56 -59 -57.5	

32 -59 -61 -60	

33 -60 -61 -60.5	

34 -60 -62 -61	

35 -62 -62 -62	

36 -61 -62 -61.5	

37 -60 -60 -60	

38 -61 -60 -60.5	

39 -60 -60 -60	

40 -60 -57 -58.5	

41 -57 -57 -57	

42 -57 -57 -57	

43 -56 -56 -56	

44 -56 -56 -56	

45 -56 -56 -56	

46 -55 -55 -55	

47 -55 -55 -55	

48 -55 -55 -55	

49 -55 -53 -54	

50 -53 -53 -53	

51 -54 -53 -53.5	

52 -55 -52 -53.5	

53 -55 -51 -53	

54 -55 -50 -52.5	

55 -55 -50 -52.5	

56 -54 -50 -52	

57 -54 -48 -51	

58 -53 -48 -50.5	

59 -53 -49 -51	

60 -53 -48 -50.5	

61 -53 -48 -50.5	

62 -54 -48 -51	

63 -55 -48 -51.5	

64 -56 -47 -51.5	

65 -55 -47 -51	

66 -54 -47 -50.5	

67 -56 -47 -51.5	

68 -56 -47 -51.5	

69 -56 -47 -51.5	

70 -59 -47 -53	

71 -59 -47 -53	

72 -54 -47 -50.5	

73 -53 -47 -50	

74 -54 -48 -51	

75 -51 -50 -50.5	

76 -51 -49 -50	

77 -51 -50 -50.5	

78 -51 -51 -51	

79 -51 -52 -51.5	

80 -51 -56 -53.5	

81 -52 -57 -54.5	

82 -50 -58 -54	

83 -50 -62 -56	

84 -50 -63 -56.5	

85 -51 -64 -57.5	

86 -51 -62 -56.5	

87 -50 -65 -57.5	

88 -53 -62 -57.5	

89 -54 -60 -57	

90 -54 -58 -56	

91 -53 -57 -55	

92 -52 -57 -54.5	

93 -51 -54 -52.5	

94 -51 -53 -52	

95 -51 -52 -51.5	

96 -52 -52 -52	
#80_5_1
1 -57 -52 -54.5	

2 -57 -52 -54.5	

3 -57 -52 -54.5	

4 -57 -52 -54.5	

5 -56 -52 -54	

6 -53 -52 -52.5	

7 -51 -52 -51.5	

8 -51 -53 -52	

9 -54 -51 -52.5	

10 -54 -51 -52.5	

11 -55 -53 -54	

12 -53 -52 -52.5	

13 -54 -54 -54	

14 -55 -54 -54.5	

15 -54 -55 -54.5	

16 -54 -55 -54.5	

17 -54 -54 -54	

18 -54 -55 -54.5	

19 -54 -55 -54.5	

20 -54 -55 -54.5	

21 -54 -55 -54.5	

22 -54 -55 -54.5	

23 -55 -55 -55	

24 -55 -55 -55	

25 -55 -55 -55	

26 -55 -54 -54.5	

27 -55 -54 -54.5	

28 -57 -56 -56.5	

29 -57 -56 -56.5	

30 -57 -57 -57	

31 -58 -58 -58	

32 -59 -61 -60	

33 -60 -65 -62.5	

34 -62 -67 -64.5	

35 -64 -67 -65.5	

36 -65 -67 -66	

37 -66 -66 -66	

38 -68 -66 -67	

39 -64 -63 -63.5	

40 -65 -62 -63.5	

41 -62 -62 -62	

42 -61 -61 -61	

43 -58 -62 -60	

44 -58 -61 -59.5	

45 -60 -61 -60.5	

46 -60 -60 -60	

47 -60 -59 -59.5	

48 -60 -60 -60	

49 -62 -59 -60.5	

50 -61 -59 -60	

51 -61 -57 -59	

52 -61 -57 -59	

53 -59 -57 -58	

54 -59 -56 -57.5	

55 -59 -56 -57.5	

56 -58 -57 -57.5	

57 -58 -55 -56.5	

58 -58 -54 -56	

59 -58 -54 -56	

60 -58 -54 -56	

61 -60 -53 -56.5	

62 -58 -52 -55	

63 -56 -52 -54	

64 -56 -49 -52.5	

65 -56 -48 -52	

66 -56 -48 -52	

67 -56 -48 -52	

68 -55 -49 -52	

69 -56 -51 -53.5	

70 -59 -49 -54	

71 -69 -49 -59	

72 -65 -49 -57	

73 -64 -52 -58	

74 -64 -50 -57	

75 -64 -52 -58	

76 -66 -53 -59.5	

77 -62 -53 -57.5	

78 -58 -57 -57.5	

79 -57 -57 -57	

80 -56 -57 -56.5	

81 -56 -57 -56.5	

82 -58 -57 -57.5	

83 -58 -57 -57.5	

84 -57 -57 -57	

85 -57 -56 -56.5	

86 -57 -55 -56	

87 -56 -53 -54.5	

88 -55 -53 -54	

89 -52 -54 -53	

90 -51 -52 -51.5	

91 -49 -52 -50.5	

92 -49 -46 -47.5	

93 -49 -46 -47.5	

94 -47 -46 -46.5	

95 -47 -46 -46.5	

96 -46 -46 -46	
#80_5_2
1 -56 -60 -58	

2 -57 -60 -58.5	

3 -58 -60 -59	

4 -61 -57 -59	

5 -59 -57 -58	

6 -57 -57 -57	

7 -57 -57 -57	

8 -58 -57 -57.5	

9 -56 -57 -56.5	

10 -58 -57 -57.5	

11 -57 -57 -57	

12 -58 -57 -57.5	

13 -58 -57 -57.5	

14 -58 -57 -57.5	

15 -57 -57 -57	

16 -58 -59 -58.5	

17 -59 -59 -59	

18 -60 -59 -59.5	

19 -60 -60 -60	

20 -60 -60 -60	

21 -58 -60 -59	

22 -61 -61 -61	

23 -61 -61 -61	

24 -62 -62 -62	

25 -62 -64 -63	

26 -63 -64 -63.5	

27 -62 -64 -63	

28 -61 -64 -62.5	

29 -61 -63 -62	

30 -61 -63 -62	

31 -61 -64 -62.5	

32 -66 -66 -66	

33 -65 -67 -66	

34 -61 -67 -64	

35 -60 -67 -63.5	

36 -60 -67 -63.5	

37 -59 -62 -60.5	

38 -59 -61 -60	

39 -58 -61 -59.5	

40 -55 -62 -58.5	

41 -55 -58 -56.5	

42 -55 -58 -56.5	

43 -54 -58 -56	

44 -54 -56 -55	

45 -55 -55 -55	

46 -55 -54 -54.5	

47 -54 -55 -54.5	

48 -54 -55 -54.5	

49 -51 -55 -53	

50 -51 -55 -53	

51 -51 -55 -53	

52 -51 -55 -53	

53 -51 -54 -52.5	

54 -51 -54 -52.5	

55 -53 -51 -52	

56 -54 -48 -51	

57 -54 -47 -50.5	

58 -53 -47 -50	

59 -52 -47 -49.5	

60 -53 -47 -50	

61 -53 -48 -50.5	

62 -55 -49 -52	

63 -55 -49 -52	

64 -53 -48 -50.5	

65 -54 -49 -51.5	

66 -55 -49 -52	

67 -54 -48 -51	

68 -56 -48 -52	

69 -58 -48 -53	

70 -59 -48 -53.5	

71 -60 -48 -54	

72 -59 -49 -54	

73 -59 -50 -54.5	

74 -62 -51 -56.5	

75 -59 -52 -55.5	

76 -62 -52 -57	

77 -59 -53 -56	

78 -62 -55 -58.5	

79 -59 -57 -58	

80 -59 -58 -58.5	

81 -50 -61 -55.5	

82 -52 -65 -58.5	

83 -56 -65 -60.5	

84 -59 -65 -62	

85 -61 -66 -63.5	

86 -60 -61 -60.5	

87 -57 -60 -58.5	

88 -57 -58 -57.5	

89 -56 -58 -57	

90 -56 -55 -55.5	

91 -62 -55 -58.5	

92 -62 -53 -57.5	

93 -57 -53 -55	

94 -56 -55 -55.5	

95 -51 -56 -53.5	

96 -57 -57 -57	
#80_6_1
1 -61 -59 -60	

2 -58 -59 -58.5	

3 -57 -58 -57.5	

4 -57 -58 -57.5	

5 -57 -58 -57.5	

6 -57 -58 -57.5	

7 -57 -58 -57.5	

8 -59 -58 -58.5	

9 -61 -58 -59.5	

10 -58 -58 -58	

11 -57 -58 -57.5	

12 -58 -58 -58	

13 -60 -59 -59.5	

14 -61 -59 -60	

15 -61 -60 -60.5	

16 -61 -61 -61	

17 -62 -61 -61.5	

18 -64 -61 -62.5	

19 -61 -61 -61	

20 -63 -61 -62	

21 -64 -61 -62.5	

22 -61 -60 -60.5	

23 -61 -60 -60.5	

24 -61 -60 -60.5	

25 -61 -60 -60.5	

26 -61 -60 -60.5	

27 -61 -60 -60.5	

28 -61 -60 -60.5	

29 -61 -60 -60.5	

30 -61 -60 -60.5	

31 -60 -60 -60	

32 -60 -60 -60	

33 -60 -60 -60	

34 -60 -63 -61.5	

35 -61 -62 -61.5	

36 -62 -63 -62.5	

37 -62 -63 -62.5	

38 -62 -63 -62.5	

39 -64 -64 -64	

40 -67 -65 -66	

41 -69 -65 -67	

42 -69 -64 -66.5	

43 -67 -65 -66	

44 -69 -65 -67	

45 -69 -65 -67	

46 -69 -65 -67	

47 -68 -66 -67	

48 -69 -65 -67	

49 -72 -65 -68.5	

50 -67 -65 -66	

51 -62 -66 -64	

52 -60 -64 -62	

53 -59 -64 -61.5	

54 -59 -64 -61.5	

55 -60 -62 -61	

56 -60 -62 -61	

57 -60 -64 -62	

58 -60 -62 -61	

59 -60 -62 -61	

60 -60 -62 -61	

61 -60 -64 -62	

62 -59 -64 -61.5	

63 -59 -61 -60	

64 -59 -59 -59	

65 -60 -59 -59.5	

66 -61 -59 -60	

67 -62 -59 -60.5	

68 -62 -58 -60	

69 -61 -58 -59.5	

70 -60 -58 -59	

71 -64 -58 -61	

72 -60 -58 -59	

73 -59 -60 -59.5	

74 -58 -60 -59	

75 -58 -61 -59.5	

76 -57 -57 -57	

77 -57 -56 -56.5	

78 -57 -55 -56	

79 -56 -56 -56	

80 -56 -58 -57	

81 -54 -57 -55.5	

82 -55 -57 -56	

83 -54 -57 -55.5	

84 -54 -57 -55.5	

85 -55 -57 -56	

86 -55 -56 -55.5	

87 -55 -55 -55	

88 -55 -55 -55	

89 -55 -55 -55	

90 -56 -55 -55.5	

91 -57 -55 -56	

92 -57 -54 -55.5	

93 -57 -57 -57	

94 -57 -57 -57	

95 -56 -57 -56.5	

96 -57 -57 -57	
#80_6_2
1 -58 -64 -61	

2 -67 -64 -65.5	

3 -65 -68 -66.5	

4 -65 -69 -67	

5 -66 -67 -66.5	

6 -64 -65 -64.5	

7 -65 -66 -65.5	

8 -64 -64 -64	

9 -69 -63 -66	

10 -63 -62 -62.5	

11 -64 -62 -63	

12 -70 -63 -66.5	

13 -64 -63 -63.5	

14 -65 -65 -65	

15 -68 -68 -68	

16 -65 -64 -64.5	

17 -64 -68 -66	

18 -73 -68 -70.5	

19 -72 -63 -67.5	

20 -70 -65 -67.5	

21 -66 -65 -65.5	

22 -59 -63 -61	

23 -59 -68 -63.5	

24 -63 -69 -66	

25 -62 -67 -64.5	

26 -68 -71 -69.5	

27 -60 -68 -64	

28 -58 -66 -62	

29 -60 -63 -61.5	

30 -63 -68 -65.5	

31 -62 -63 -62.5	

32 -64 -67 -65.5	

33 -62 -67 -64.5	

34 -64 -62 -63	

35 -64 -66 -65	

36 -62 -60 -61	

37 -60 -62 -61	

38 -58 -66 -62	

39 -59 -64 -61.5	

40 -61 -62 -61.5	

41 -58 -61 -59.5	

42 -56 -60 -58	

43 -52 -60 -56	

44 -52 -59 -55.5	

45 -54 -59 -56.5	

46 -59 -59 -59	

47 -62 -59 -60.5	

48 -64 -57 -60.5	

49 -56 -57 -56.5	

50 -55 -57 -56	

51 -55 -56 -55.5	

52 -54 -57 -55.5	

53 -58 -58 -58	

54 -56 -58 -57	

55 -55 -58 -56.5	

56 -54 -57 -55.5	

57 -55 -56 -55.5	

58 -55 -56 -55.5	

59 -56 -55 -55.5	

60 -53 -55 -54	

61 -60 -55 -57.5	

62 -61 -55 -58	

63 -59 -55 -57	

64 -59 -57 -58	

65 -58 -57 -57.5	

66 -61 -58 -59.5	

67 -65 -57 -61	

68 -61 -57 -59	

69 -62 -57 -59.5	

70 -61 -56 -58.5	

71 -59 -56 -57.5	

72 -61 -57 -59	

73 -64 -57 -60.5	

74 -59 -57 -58	

75 -62 -57 -59.5	

76 -53 -57 -55	

77 -57 -57 -57	

78 -60 -57 -58.5	

79 -58 -57 -57.5	

80 -59 -57 -58	

81 -59 -57 -58	

82 -58 -57 -57.5	

83 -58 -57 -57.5	

84 -59 -57 -58	

85 -63 -57 -60	

86 -57 -58 -57.5	

87 -60 -59 -59.5	

88 -59 -58 -58.5	

89 -55 -59 -57	

90 -58 -65 -61.5	

91 -60 -67 -63.5	

92 -59 -68 -63.5	

93 -59 -64 -61.5	

94 -58 -62 -60	

95 -58 -60 -59	

96 -58 -58 -58
#80_7_1
1 -59 -61 -60	

2 -59 -60 -59.5	

3 -59 -59 -59	

4 -59 -58 -58.5	

5 -59 -57 -58	

6 -60 -57 -58.5	

7 -60 -57 -58.5	

8 -60 -57 -58.5	

9 -60 -57 -58.5	

10 -60 -57 -58.5	

11 -59 -57 -58	

12 -58 -57 -57.5	

13 -58 -57 -57.5	

14 -58 -57 -57.5	

15 -58 -57 -57.5	

16 -58 -57 -57.5	

17 -58 -57 -57.5	

18 -58 -57 -57.5	

19 -58 -57 -57.5	

20 -58 -57 -57.5	

21 -58 -57 -57.5	

22 -57 -57 -57	

23 -57 -57 -57	

24 -57 -57 -57	

25 -56 -57 -56.5	

26 -56 -57 -56.5	

27 -56 -57 -56.5	

28 -56 -57 -56.5	

29 -56 -57 -56.5	

30 -56 -58 -57	

31 -56 -58 -57	

32 -56 -58 -57	

33 -56 -59 -57.5	

34 -56 -59 -57.5	

35 -56 -59 -57.5	

36 -57 -59 -58	

37 -57 -59 -58	

38 -57 -59 -58	

39 -58 -60 -59	

40 -58 -60 -59	

41 -59 -60 -59.5	

42 -59 -60 -59.5	

43 -61 -59 -60	

44 -61 -59 -60	

45 -62 -59 -60.5	

46 -63 -58 -60.5	

47 -64 -58 -61	

48 -66 -58 -62	

49 -66 -58 -62	

50 -66 -58 -62	

51 -67 -58 -62.5	

52 -67 -58 -62.5	

53 -67 -58 -62.5	

54 -67 -58 -62.5	

55 -67 -58 -62.5	

56 -67 -58 -62.5	

57 -67 -59 -63	

58 -66 -59 -62.5	

59 -66 -59 -62.5	

60 -65 -59 -62	

61 -65 -59 -62	

62 -65 -60 -62.5	

63 -65 -61 -63	

64 -64 -61 -62.5	

65 -64 -61 -62.5	

66 -64 -61 -62.5	

67 -64 -62 -63	

68 -64 -62 -63	

69 -64 -66 -65	

70 -63 -67 -65	

71 -63 -65 -64	

72 -61 -70 -65.5	

73 -61 -69 -65	

74 -61 -69 -65	

75 -60 -68 -64	

76 -60 -67 -63.5	

77 -61 -67 -64	

78 -61 -65 -63	

79 -61 -65 -63	

80 -61 -64 -62.5	

81 -61 -63 -62	

82 -61 -63 -62	

83 -62 -64 -63	

84 -63 -63 -63	

85 -63 -63 -63	

86 -63 -63 -63	

87 -63 -63 -63	

88 -62 -63 -62.5	

89 -62 -62 -62	

90 -62 -62 -62	

91 -62 -62 -62	

92 -62 -62 -62	

93 -62 -62 -62	

94 -62 -62 -62	

95 -62 -62 -62	

96 -62 -62 -62	
#80_7_2
1 -59 -61 -60	

2 -59 -60 -59.5	

3 -59 -59 -59	

4 -59 -58 -58.5	

5 -59 -57 -58	

6 -60 -57 -58.5	

7 -60 -57 -58.5	

8 -60 -57 -58.5	

9 -60 -57 -58.5	

10 -60 -57 -58.5	

11 -59 -57 -58	

12 -58 -57 -57.5	

13 -58 -57 -57.5	

14 -58 -57 -57.5	

15 -58 -57 -57.5	

16 -58 -57 -57.5	

17 -58 -57 -57.5	

18 -58 -57 -57.5	

19 -58 -57 -57.5	

20 -58 -57 -57.5	

21 -58 -57 -57.5	

22 -57 -57 -57	

23 -57 -57 -57	

24 -57 -57 -57	

25 -56 -57 -56.5	

26 -56 -57 -56.5	

27 -56 -57 -56.5	

28 -56 -57 -56.5	

29 -56 -57 -56.5	

30 -56 -58 -57	

31 -56 -58 -57	

32 -56 -58 -57	

33 -56 -59 -57.5	

34 -56 -59 -57.5	

35 -56 -59 -57.5	

36 -57 -59 -58	

37 -57 -59 -58	

38 -57 -59 -58	

39 -58 -60 -59	

40 -58 -60 -59	

41 -59 -60 -59.5	

42 -59 -60 -59.5	

43 -61 -59 -60	

44 -61 -59 -60	

45 -62 -59 -60.5	

46 -63 -58 -60.5	

47 -64 -58 -61	

48 -66 -58 -62	

49 -66 -58 -62	

50 -66 -58 -62	

51 -67 -58 -62.5	

52 -67 -58 -62.5	

53 -67 -58 -62.5	

54 -67 -58 -62.5	

55 -67 -58 -62.5	

56 -67 -58 -62.5	

57 -67 -59 -63	

58 -66 -59 -62.5	

59 -66 -59 -62.5	

60 -65 -59 -62	

61 -65 -59 -62	

62 -65 -60 -62.5	

63 -65 -61 -63	

64 -64 -61 -62.5	

65 -64 -61 -62.5	

66 -64 -61 -62.5	

67 -64 -62 -63	

68 -64 -62 -63	

69 -64 -66 -65	

70 -63 -67 -65	

71 -63 -65 -64	

72 -61 -70 -65.5	

73 -61 -69 -65	

74 -61 -69 -65	

75 -60 -68 -64	

76 -60 -67 -63.5	

77 -61 -67 -64	

78 -61 -65 -63	

79 -61 -65 -63	

80 -61 -64 -62.5	

81 -61 -63 -62	

82 -61 -63 -62	

83 -62 -64 -63	

84 -63 -63 -63	

85 -63 -63 -63	

86 -63 -63 -63	

87 -63 -63 -63	

88 -62 -63 -62.5	

89 -62 -62 -62	

90 -62 -62 -62	

91 -62 -62 -62	

92 -62 -62 -62	

93 -62 -62 -62	

94 -62 -62 -62	

95 -62 -62 -62	

96 -62 -62 -62	

#80_8_1
1 -59 -64 -61.5	

2 -59 -69 -64	

3 -61 -69 -65	

4 -61 -66 -63.5	

5 -64 -74 -69	

6 -63 -73 -68	

7 -62 -77 -69.5	

8 -62 -78 -70	

9 -63 -76 -69.5	

10 -68 -74 -71	

11 -66 -67 -66.5	

12 -66 -65 -65.5	

13 -65 -66 -65.5	

14 -64 -64 -64	

15 -64 -64 -64	

16 -66 -63 -64.5	

17 -65 -62 -63.5	

18 -65 -62 -63.5	

19 -61 -62 -61.5	

20 -65 -62 -63.5	

21 -64 -62 -63	

22 -61 -61 -61	

23 -60 -61 -60.5	

24 -59 -62 -60.5	

25 -63 -60 -61.5	

26 -65 -60 -62.5	

27 -68 -60 -64	

28 -69 -60 -64.5	

29 -63 -60 -61.5	

30 -66 -62 -64	

31 -69 -61 -65	

32 -62 -62 -62	

33 -59 -60 -59.5	

34 -59 -60 -59.5	

35 -64 -60 -62	

36 -58 -63 -60.5	

37 -61 -63 -62	

38 -66 -66 -66	

39 -66 -73 -69.5	

40 -66 -70 -68	

41 -65 -73 -69	

42 -60 -73 -66.5	

43 -65 -75 -70	

44 -64 -76 -70	

45 -61 -76 -68.5	

46 -59 -74 -66.5	

47 -62 -73 -67.5	

48 -60 -67 -63.5	

49 -60 -67 -63.5	

50 -61 -67 -64	

51 -63 -68 -65.5	

52 -67 -67 -67	

53 -68 -67 -67.5	

54 -72 -66 -69	

55 -70 -66 -68	

56 -72 -64 -68	

57 -73 -62 -67.5	

58 -72 -65 -68.5	

59 -65 -67 -66	

60 -64 -71 -67.5	

61 -68 -71 -69.5	

62 -62 -69 -65.5	

63 -67 -62 -64.5	

64 -69 -62 -65.5	

65 -71 -64 -67.5	

66 -67 -61 -64	

67 -65 -60 -62.5	

68 -65 -60 -62.5	

69 -65 -61 -63	

70 -64 -60 -62	

71 -64 -59 -61.5	

72 -64 -63 -63.5	

73 -64 -67 -65.5	

74 -61 -66 -63.5	

75 -61 -68 -64.5	

76 -65 -70 -67.5	

77 -60 -65 -62.5	

78 -57 -65 -61	

79 -57 -65 -61	

80 -57 -64 -60.5	

81 -55 -64 -59.5	

82 -55 -62 -58.5	

83 -58 -62 -60	

84 -60 -62 -61	

85 -61 -62 -61.5	

86 -60 -62 -61	

87 -62 -63 -62.5	

88 -63 -63 -63	

89 -62 -66 -64	

90 -61 -67 -64	

91 -61 -67 -64	

92 -62 -66 -64	

93 -65 -66 -65.5	

94 -70 -69 -69.5	

95 -73 -70 -71.5	

96 -70 -70 -70	
#80_8_2
1 -64 -60 -62	

2 -61 -60 -60.5	

3 -61 -61 -61	

4 -69 -61 -65	

5 -68 -61 -64.5	

6 -65 -61 -63	

7 -67 -62 -64.5	

8 -66 -64 -65	

9 -71 -65 -68	

10 -69 -61 -65	

11 -73 -67 -70	

12 -69 -64 -66.5	

13 -65 -64 -64.5	

14 -67 -66 -66.5	

15 -68 -67 -67.5	

16 -64 -65 -64.5	

17 -65 -67 -66	

18 -62 -69 -65.5	

19 -62 -71 -66.5	

20 -62 -71 -66.5	

21 -59 -65 -62	

22 -59 -64 -61.5	

23 -62 -63 -62.5	

24 -60 -63 -61.5	

25 -58 -61 -59.5	

26 -58 -63 -60.5	

27 -60 -61 -60.5	

28 -60 -62 -61	

29 -59 -61 -60	

30 -59 -60 -59.5	

31 -59 -60 -59.5	

32 -59 -60 -59.5	

33 -59 -61 -60	

34 -59 -62 -60.5	

35 -59 -63 -61	

36 -60 -63 -61.5	

37 -60 -61 -60.5	

38 -61 -60 -60.5	

39 -69 -62 -65.5	

40 -69 -60 -64.5	

41 -66 -59 -62.5	

42 -63 -61 -62	

43 -65 -61 -63	

44 -68 -61 -64.5	

45 -66 -67 -66.5	

46 -67 -61 -64	

47 -74 -59 -66.5	

48 -70 -59 -64.5	

49 -69 -59 -64	

50 -69 -59 -64	

51 -73 -63 -68	

52 -70 -63 -66.5	

53 -66 -70 -68	

54 -67 -61 -64	

55 -72 -60 -66	

56 -71 -61 -66	

57 -71 -67 -69	

58 -71 -60 -65.5	

59 -65 -62 -63.5	

60 -66 -60 -63	

61 -66 -65 -65.5	

62 -65 -62 -63.5	

63 -66 -60 -63	

64 -61 -61 -61	

65 -62 -59 -60.5	

66 -64 -59 -61.5	

67 -61 -59 -60	

68 -60 -59 -59.5	

69 -63 -60 -61.5	

70 -59 -59 -59	

71 -67 -61 -64	

72 -58 -61 -59.5	

73 -59 -58 -58.5	

74 -59 -60 -59.5	

75 -59 -58 -58.5	

76 -61 -62 -61.5	

77 -59 -74 -66.5	

78 -66 -70 -68	

79 -63 -58 -60.5	

80 -57 -59 -58	

81 -56 -64 -60	

82 -55 -64 -59.5	

83 -56 -72 -64	

84 -59 -69 -64	

85 -57 -66 -61.5	

86 -61 -68 -64.5	

87 -62 -66 -64	

88 -63 -65 -64	

89 -61 -61 -61	

90 -60 -64 -62	

91 -59 -63 -61	

92 -59 -61 -60	

93 -61 -62 -61.5	

94 -62 -62 -62	

95 -61 -65 -63	

96 -63 -63 -63	
#80_9_1
1 -60 -58 -59	

2 -61 -58 -59.5	

3 -63 -58 -60.5	

4 -64 -58 -61	

5 -57 -58 -57.5	

6 -60 -58 -59	

7 -58 -58 -58	

8 -67 -58 -62.5	

9 -61 -59 -60	

10 -61 -60 -60.5	

11 -63 -59 -61	

12 -64 -58 -61	

13 -62 -64 -63	

14 -62 -65 -63.5	

15 -62 -59 -60.5	

16 -64 -58 -61	

17 -61 -60 -60.5	

18 -63 -59 -61	

19 -60 -60 -60	

20 -60 -59 -59.5	

21 -60 -60 -60	

22 -57 -59 -58	

23 -57 -59 -58	

24 -57 -59 -58	

25 -56 -59 -57.5	

26 -55 -60 -57.5	

27 -56 -60 -58	

28 -56 -57 -56.5	

29 -56 -60 -58	

30 -56 -55 -55.5	

31 -58 -57 -57.5	

32 -58 -62 -60	

33 -57 -61 -59	

34 -57 -61 -59	

35 -59 -61 -60	

36 -57 -60 -58.5	

37 -58 -58 -58	

38 -58 -63 -60.5	

39 -60 -65 -62.5	

40 -60 -57 -58.5	

41 -60 -59 -59.5	

42 -60 -63 -61.5	

43 -62 -62 -62	

44 -63 -60 -61.5	

45 -65 -60 -62.5	

46 -69 -60 -64.5	

47 -70 -60 -65	

48 -65 -60 -62.5	

49 -65 -60 -62.5	

50 -65 -62 -63.5	

51 -62 -62 -62	

52 -63 -65 -64	

53 -62 -61 -61.5	

54 -64 -60 -62	

55 -62 -60 -61	

56 -62 -61 -61.5	

57 -62 -62 -62	

58 -63 -62 -62.5	

59 -63 -61 -62	

60 -62 -61 -61.5	

61 -63 -61 -62	

62 -63 -61 -62	

63 -64 -61 -62.5	

64 -64 -62 -63	

65 -63 -60 -61.5	

66 -67 -61 -64	

67 -68 -61 -64.5	

68 -70 -61 -65.5	

69 -72 -61 -66.5	

70 -73 -61 -67	

71 -68 -60 -64	

72 -69 -60 -64.5	

73 -69 -60 -64.5	

74 -66 -60 -63	

75 -61 -60 -60.5	

76 -58 -60 -59	

77 -58 -60 -59	

78 -57 -61 -59	

79 -54 -61 -57.5	

80 -56 -61 -58.5	

81 -57 -61 -59	

82 -57 -60 -58.5	

83 -57 -60 -58.5	

84 -57 -59 -58	

85 -52 -57 -54.5	

86 -53 -57 -55	

87 -52 -56 -54	

88 -54 -56 -55	

89 -54 -56 -55	

90 -56 -56 -56	

91 -57 -56 -56.5	

92 -56 -56 -56	

93 -55 -55 -55	

94 -56 -54 -55	

95 -52 -57 -54.5	

96 -56 -56 -56	

#80_9_2
1 -67 -73 -70	

2 -67 -73 -70	

3 -68 -71 -69.5	

4 -69 -70 -69.5	

5 -68 -69 -68.5	

6 -67 -70 -68.5	

7 -67 -73 -70	

8 -70 -72 -71	

9 -69 -73 -71	

10 -73 -73 -73	

11 -72 -71 -71.5	

12 -70 -71 -70.5	

13 -71 -73 -72	

14 -64 -74 -69	

15 -61 -72 -66.5	

16 -65 -71 -68	

17 -67 -70 -68.5	

18 -70 -71 -70.5	

19 -67 -72 -69.5	

20 -69 -72 -70.5	

21 -75 -72 -73.5	

22 -66 -72 -69	

23 -64 -71 -67.5	

24 -65 -71 -68	

25 -66 -71 -68.5	

26 -66 -71 -68.5	

27 -65 -72 -68.5	

28 -67 -72 -69.5	

29 -69 -72 -70.5	

30 -70 -72 -71	

31 -73 -72 -72.5	

32 -73 -70 -71.5	

33 -76 -73 -74.5	

34 -74 -74 -74	

35 -68 -71 -69.5	

36 -66 -68 -67	

37 -70 -68 -69	

38 -71 -67 -69	

39 -71 -67 -69	

40 -69 -67 -68	

41 -71 -67 -69	

42 -69 -67 -68	

43 -68 -68 -68	

44 -66 -67 -66.5	

45 -67 -66 -66.5	

46 -71 -66 -68.5	

47 -64 -66 -65	

48 -65 -66 -65.5	

49 -66 -66 -66	

50 -66 -64 -65	

51 -67 -64 -65.5	

52 -70 -63 -66.5	

53 -72 -63 -67.5	

54 -68 -63 -65.5	

55 -66 -63 -64.5	

56 -65 -63 -64	

57 -66 -63 -64.5	

58 -66 -62 -64	

59 -68 -62 -65	

60 -71 -62 -66.5	

61 -68 -62 -65	

62 -67 -62 -64.5	

63 -67 -62 -64.5	

64 -67 -61 -64	

65 -68 -62 -65	

66 -70 -62 -66	

67 -64 -62 -63	

68 -67 -64 -65.5	

69 -66 -64 -65	

70 -67 -61 -64	

71 -68 -65 -66.5	

72 -68 -61 -64.5	

73 -66 -61 -63.5	

74 -67 -63 -65	

75 -67 -63 -65	

76 -67 -63 -65	

77 -65 -63 -64	

78 -63 -62 -62.5	

79 -63 -62 -62.5	

80 -64 -62 -63	

81 -66 -61 -63.5	

82 -63 -61 -62	

83 -68 -61 -64.5	

84 -68 -60 -64	

85 -68 -60 -64	

86 -70 -60 -65	

87 -68 -60 -64	

88 -67 -62 -64.5	

89 -68 -62 -65	

90 -69 -63 -66	

91 -70 -67 -68.5	

92 -69 -68 -68.5	

93 -67 -68 -67.5	

94 -68 -68 -68	

95 -68 -68 -68	

96 -66 -66 -66	
#80_10_1
1 -68 -72 -70	

2 -69 -74 -71.5	

3 -70 -74 -72	

4 -71 -75 -73	

5 -68 -76 -72	

6 -71 -75 -73	

7 -72 -75 -73.5	

8 -71 -75 -73	

9 -73 -73 -73	

10 -73 -72 -72.5	

11 -75 -72 -73.5	

12 -76 -73 -74.5	

13 -74 -75 -74.5	

14 -72 -74 -73	

15 -71 -73 -72	

16 -73 -71 -72	

17 -73 -71 -72	

18 -73 -71 -72	

19 -69 -74 -71.5	

20 -68 -72 -70	

21 -69 -70 -69.5	

22 -69 -70 -69.5	

23 -69 -69 -69	

24 -70 -69 -69.5	

25 -67 -69 -68	

26 -67 -70 -68.5	

27 -67 -70 -68.5	

28 -69 -70 -69.5	

29 -72 -70 -71	

30 -75 -70 -72.5	

31 -74 -71 -72.5	

32 -74 -70 -72	

33 -76 -69 -72.5	

34 -77 -69 -73	

35 -73 -70 -71.5	

36 -68 -66 -67	

37 -72 -64 -68	

38 -73 -68 -70.5	

39 -78 -63 -70.5	

40 -76 -63 -69.5	

41 -74 -63 -68.5	

42 -70 -63 -66.5	

43 -68 -63 -65.5	

44 -71 -63 -67	

45 -72 -63 -67.5	

46 -66 -62 -64	

47 -66 -61 -63.5	

48 -65 -61 -63	

49 -68 -60 -64	

50 -66 -60 -63	

51 -62 -60 -61	

52 -64 -60 -62	

53 -64 -60 -62	

54 -64 -60 -62	

55 -64 -60 -62	

56 -64 -61 -62.5	

57 -68 -61 -64.5	

58 -65 -62 -63.5	

59 -68 -61 -64.5	

60 -62 -62 -62	

61 -68 -64 -66	

62 -66 -65 -65.5	

63 -64 -64 -64	

64 -65 -65 -65	

65 -65 -64 -64.5	

66 -65 -65 -65	

67 -65 -66 -65.5	

68 -65 -64 -64.5	

69 -65 -63 -64	

70 -65 -63 -64	

71 -65 -63 -64	

72 -67 -63 -65	

73 -65 -63 -64	

74 -65 -63 -64	

75 -69 -63 -66	

76 -69 -68 -68.5	

77 -68 -68 -68	

78 -74 -68 -71	

79 -69 -68 -68.5	

80 -67 -69 -68	

81 -71 -66 -68.5	

82 -68 -70 -69	

83 -67 -63 -65	

84 -66 -66 -66	

85 -64 -63 -63.5	

86 -72 -64 -68	

87 -64 -62 -63	

88 -63 -65 -64	

89 -63 -68 -65.5	

90 -63 -63 -63	

91 -61 -61 -61	

92 -61 -61 -61	

93 -59 -60 -59.5	

94 -60 -60 -60	

95 -61 -60 -60.5	

96 -60 -60 -60	
#80_10_2
1 -62 -65 -63.5	

2 -62 -65 -63.5	

3 -62 -65 -63.5	

4 -65 -65 -65	

5 -64 -65 -64.5	

6 -65 -65 -65	

7 -65 -67 -66	

8 -66 -65 -65.5	

9 -64 -63 -63.5	

10 -63 -63 -63	

11 -63 -63 -63	

12 -60 -63 -61.5	

13 -60 -62 -61	

14 -59 -62 -60.5	

15 -60 -61 -60.5	

16 -59 -61 -60	

17 -59 -61 -60	

18 -60 -61 -60.5	

19 -60 -61 -60.5	

20 -60 -61 -60.5	

21 -60 -61 -60.5	

22 -61 -61 -61	

23 -59 -61 -60	

24 -62 -62 -62	

25 -63 -62 -62.5	

26 -63 -61 -62	

27 -63 -63 -63	

28 -63 -63 -63	

29 -61 -63 -62	

30 -61 -63 -62	

31 -61 -64 -62.5	

32 -65 -64 -64.5	

33 -63 -67 -65	

34 -64 -63 -63.5	

35 -61 -63 -62	

36 -65 -63 -64	

37 -67 -62 -64.5	

38 -64 -63 -63.5	

39 -65 -62 -63.5	

40 -66 -61 -63.5	

41 -65 -64 -64.5	

42 -69 -64 -66.5	

43 -70 -64 -67	

44 -73 -64 -68.5	

45 -71 -64 -67.5	

46 -74 -65 -69.5	

47 -72 -65 -68.5	

48 -71 -67 -69	

49 -72 -67 -69.5	

50 -67 -67 -67	

51 -67 -67 -67	

52 -62 -67 -64.5	

53 -63 -68 -65.5	

54 -65 -65 -65	

55 -68 -66 -67	

56 -66 -67 -66.5	

57 -67 -67 -67	

58 -69 -66 -67.5	

59 -68 -66 -67	

60 -63 -66 -64.5	

61 -64 -68 -66	

62 -64 -66 -65	

63 -65 -65 -65	

64 -68 -64 -66	

65 -71 -64 -67.5	

66 -65 -64 -64.5	

67 -65 -66 -65.5	

68 -63 -67 -65	

69 -61 -69 -65	

70 -61 -68 -64.5	

71 -61 -67 -64	

72 -61 -64 -62.5	

73 -61 -67 -64	

74 -61 -71 -66	

75 -60 -70 -65	

76 -59 -67 -63	

77 -58 -71 -64.5	

78 -58 -64 -61	

79 -58 -61 -59.5	

80 -58 -61 -59.5	

81 -56 -63 -59.5	

82 -56 -64 -60	

83 -56 -59 -57.5	

84 -56 -58 -57	

85 -55 -58 -56.5	

86 -55 -57 -56	

87 -56 -57 -56.5	

88 -56 -57 -56.5	

89 -57 -57 -57	

90 -57 -60 -58.5	

91 -57 -61 -59	

92 -57 -61 -59	

93 -57 -59 -58	

94 -58 -60 -59	

95 -60 -60 -60	

96 -60 -60 -60	

#80_11_1
1 -61 -62 -61.5	

2 -61 -62 -61.5	

3 -61 -62 -61.5	

4 -61 -63 -62	

5 -61 -63 -62	

6 -61 -63 -62	

7 -61 -62 -61.5	

8 -61 -62 -61.5	

9 -63 -64 -63.5	

10 -63 -67 -65	

11 -62 -63 -62.5	

12 -62 -63 -62.5	

13 -62 -67 -64.5	

14 -62 -69 -65.5	

15 -63 -66 -64.5	

16 -63 -64 -63.5	

17 -63 -63 -63	

18 -63 -66 -64.5	

19 -63 -64 -63.5	

20 -63 -60 -61.5	

21 -62 -64 -63	

22 -61 -59 -60	

23 -61 -60 -60.5	

24 -61 -62 -61.5	

25 -60 -59 -59.5	

26 -60 -58 -59	

27 -60 -58 -59	

28 -60 -59 -59.5	

29 -60 -59 -59.5	

30 -60 -59 -59.5	

31 -60 -63 -61.5	

32 -59 -58 -58.5	

33 -58 -58 -58	

34 -58 -58 -58	

35 -58 -58 -58	

36 -58 -58 -58	

37 -58 -58 -58	

38 -58 -58 -58	

39 -58 -58 -58	

40 -58 -58 -58	

41 -59 -58 -58.5	

42 -59 -60 -59.5	

43 -60 -61 -60.5	

44 -60 -64 -62	

45 -62 -61 -61.5	

46 -62 -61 -61.5	

47 -63 -61 -62	

48 -61 -61 -61	

49 -62 -61 -61.5	

50 -62 -61 -61.5	

51 -64 -63 -63.5	

52 -64 -64 -64	

53 -64 -65 -64.5	

54 -64 -65 -64.5	

55 -64 -65 -64.5	

56 -64 -63 -63.5	

57 -64 -66 -65	

58 -64 -66 -65	

59 -64 -64 -64	

60 -63 -64 -63.5	

61 -63 -66 -64.5	

62 -63 -65 -64	

63 -63 -64 -63.5	

64 -63 -64 -63.5	

65 -63 -63 -63	

66 -63 -67 -65	

67 -63 -63 -63	

68 -63 -62 -62.5	

69 -63 -62 -62.5	

70 -63 -62 -62.5	

71 -64 -62 -63	

72 -64 -61 -62.5	

73 -64 -61 -62.5	

74 -64 -61 -62.5	

75 -64 -61 -62.5	

76 -62 -61 -61.5	

77 -62 -62 -62	

78 -61 -60 -60.5	

79 -60 -62 -61	

80 -60 -61 -60.5	

81 -61 -61 -61	

82 -61 -61 -61	

83 -61 -61 -61	

84 -61 -61 -61	

85 -61 -61 -61	

86 -59 -61 -60	

87 -59 -61 -60	

88 -59 -61 -60	

89 -59 -61 -60	

90 -59 -61 -60	

91 -59 -60 -59.5	

92 -58 -60 -59	

93 -58 -60 -59	

94 -58 -59 -58.5	

95 -58 -58 -58	

96 -58 -58 -58	
#80_11_2
1 -64 -64 -64	

2 -62 -64 -63	

3 -63 -66 -64.5	

4 -64 -66 -65	

5 -64 -66 -65	

6 -64 -68 -66	

7 -63 -68 -65.5	

8 -67 -67 -67	

9 -62 -69 -65.5	

10 -61 -69 -65	

11 -63 -67 -65	

12 -68 -66 -67	

13 -66 -67 -66.5	

14 -66 -68 -67	

15 -63 -63 -63	

16 -62 -61 -61.5	

17 -66 -61 -63.5	

18 -67 -64 -65.5	

19 -62 -65 -63.5	

20 -61 -65 -63	

21 -60 -64 -62	

22 -62 -62 -62	

23 -61 -60 -60.5	

24 -60 -58 -59	

25 -59 -58 -58.5	

26 -58 -58 -58	

27 -60 -59 -59.5	

28 -60 -59 -59.5	

29 -60 -59 -59.5	

30 -60 -56 -58	

31 -58 -56 -57	

32 -57 -56 -56.5	

33 -56 -56 -56	

34 -56 -56 -56	

35 -60 -57 -58.5	

36 -59 -57 -58	

37 -59 -57 -58	

38 -59 -57 -58	

39 -61 -57 -59	

40 -61 -57 -59	

41 -60 -57 -58.5	

42 -60 -58 -59	

43 -60 -59 -59.5	

44 -60 -59 -59.5	

45 -60 -60 -60	

46 -61 -60 -60.5	

47 -60 -59 -59.5	

48 -61 -59 -60	

49 -60 -59 -59.5	

50 -60 -61 -60.5	

51 -61 -62 -61.5	

52 -61 -62 -61.5	

53 -61 -63 -62	

54 -62 -61 -61.5	

55 -61 -62 -61.5	

56 -60 -60 -60	

57 -62 -61 -61.5	

58 -62 -63 -62.5	

59 -61 -61 -61	

60 -62 -61 -61.5	

61 -63 -61 -62	

62 -63 -61 -62	

63 -63 -61 -62	

64 -63 -61 -62	

65 -63 -61 -62	

66 -63 -60 -61.5	

67 -63 -60 -61.5	

68 -62 -60 -61	

69 -61 -62 -61.5	

70 -61 -59 -60	

71 -62 -60 -61	

72 -62 -61 -61.5	

73 -60 -61 -60.5	

74 -61 -62 -61.5	

75 -61 -62 -61.5	

76 -61 -63 -62	

77 -61 -64 -62.5	

78 -61 -63 -62	

79 -61 -63 -62	

80 -60 -63 -61.5	

81 -62 -64 -63	

82 -62 -63 -62.5	

83 -58 -66 -62	

84 -61 -64 -62.5	

85 -62 -64 -63	

86 -64 -67 -65.5	

87 -61 -63 -62	

88 -59 -64 -61.5	

89 -61 -65 -63	

90 -59 -64 -61.5	

91 -61 -62 -61.5	

92 -61 -63 -62	

93 -60 -61 -60.5	

94 -62 -61 -61.5	

95 -61 -60 -60.5	

96 -59 -59 -59	

#80_12_1
1 -65 -65 -65	

2 -65 -65 -65	

3 -64 -65 -64.5	

4 -64 -64 -64	

5 -66 -64 -65	

6 -65 -64 -64.5	

7 -65 -65 -65	

8 -65 -65 -65	

9 -65 -66 -65.5	

10 -65 -68 -66.5	

11 -66 -68 -67	

12 -66 -68 -67	

13 -67 -72 -69.5	

14 -68 -72 -70	

15 -70 -72 -71	

16 -73 -76 -74.5	

17 -71 -76 -73.5	

18 -68 -72 -70	

19 -62 -70 -66	

20 -62 -69 -65.5	

21 -66 -68 -67	

22 -63 -68 -65.5	

23 -65 -67 -66	

24 -62 -66 -64	

25 -62 -66 -64	

26 -64 -66 -65	

27 -62 -65 -63.5	

28 -62 -65 -63.5	

29 -62 -65 -63.5	

30 -63 -65 -64	

31 -64 -65 -64.5	

32 -62 -66 -64	

33 -64 -66 -65	

34 -64 -66 -65	

35 -67 -66 -66.5	

36 -68 -70 -69	

37 -67 -71 -69	

38 -66 -71 -68.5	

39 -69 -71 -70	

40 -70 -69 -69.5	

41 -74 -69 -71.5	

42 -72 -70 -71	

43 -69 -69 -69	

44 -71 -67 -69	

45 -76 -67 -71.5	

46 -74 -65 -69.5	

47 -67 -66 -66.5	

48 -70 -64 -67	

49 -66 -63 -64.5	

50 -65 -63 -64	

51 -68 -63 -65.5	

52 -62 -64 -63	

53 -67 -64 -65.5	

54 -67 -63 -65	

55 -64 -63 -63.5	

56 -62 -64 -63	

57 -63 -65 -64	

58 -63 -64 -63.5	

59 -64 -63 -63.5	

60 -63 -63 -63	

61 -62 -64 -63	

62 -62 -64 -63	

63 -62 -64 -63	

64 -64 -64 -64	

65 -64 -65 -64.5	

66 -63 -68 -65.5	

67 -62 -66 -64	

68 -63 -66 -64.5	

69 -68 -69 -68.5	

70 -66 -69 -67.5	

71 -66 -71 -68.5	

72 -65 -73 -69	

73 -65 -74 -69.5	

74 -66 -73 -69.5	

75 -63 -73 -68	

76 -69 -69 -69	

77 -67 -68 -67.5	

78 -61 -65 -63	

79 -63 -73 -68	

80 -61 -72 -66.5	

81 -64 -73 -68.5	

82 -64 -70 -67	

83 -69 -68 -68.5	

84 -68 -66 -67	

85 -68 -64 -66	

86 -65 -64 -64.5	

87 -67 -64 -65.5	

88 -68 -67 -67.5	

89 -68 -67 -67.5	

90 -69 -68 -68.5	

91 -63 -67 -65	

92 -62 -66 -64	

93 -64 -65 -64.5	

94 -64 -64 -64	

95 -64 -63 -63.5	

96 -63 -63 -63	
#80_12_2
1 -58 -64 -61	

2 -62 -64 -63	

3 -62 -64 -63	

4 -63 -64 -63.5	

5 -63 -63 -63	

6 -64 -65 -64.5	

7 -64 -67 -65.5	

8 -64 -64 -64	

9 -66 -65 -65.5	

10 -66 -65 -65.5	

11 -67 -65 -66	

12 -66 -66 -66	

13 -64 -67 -65.5	

14 -66 -67 -66.5	

15 -66 -66 -66	

16 -65 -64 -64.5	

17 -64 -63 -63.5	

18 -64 -62 -63	

19 -63 -62 -62.5	

20 -62 -60 -61	

21 -62 -60 -61	

22 -61 -60 -60.5	

23 -61 -60 -60.5	

24 -61 -60 -60.5	

25 -61 -60 -60.5	

26 -61 -60 -60.5	

27 -61 -60 -60.5	

28 -61 -61 -61	

29 -61 -61 -61	

30 -61 -61 -61	

31 -61 -62 -61.5	

32 -62 -62 -62	

33 -62 -62 -62	

34 -62 -63 -62.5	

35 -65 -64 -64.5	

36 -65 -64 -64.5	

37 -67 -64 -65.5	

38 -67 -64 -65.5	

39 -69 -64 -66.5	

40 -69 -66 -67.5	

41 -71 -66 -68.5	

42 -75 -67 -71	

43 -77 -68 -72.5	

44 -73 -71 -72	

45 -73 -67 -70	

46 -75 -67 -71	

47 -75 -67 -71	

48 -75 -67 -71	

49 -73 -67 -70	

50 -72 -67 -69.5	

51 -70 -68 -69	

52 -70 -68 -69	

53 -72 -67 -69.5	

54 -72 -67 -69.5	

55 -72 -67 -69.5	

56 -71 -67 -69	

57 -72 -67 -69.5	

58 -74 -67 -70.5	

59 -73 -68 -70.5	

60 -75 -69 -72	

61 -73 -69 -71	

62 -71 -71 -71	

63 -71 -71 -71	

64 -74 -72 -73	

65 -70 -73 -71.5	

66 -68 -73 -70.5	

67 -67 -76 -71.5	

68 -66 -72 -69	

69 -64 -73 -68.5	

70 -63 -72 -67.5	

71 -64 -71 -67.5	

72 -62 -68 -65	

73 -62 -69 -65.5	

74 -62 -67 -64.5	

75 -62 -68 -65	

76 -61 -68 -64.5	

77 -60 -66 -63	

78 -60 -65 -62.5	

79 -60 -65 -62.5	

80 -60 -65 -62.5	

81 -60 -65 -62.5	

82 -60 -65 -62.5	

83 -60 -65 -62.5	

84 -59 -65 -62	

85 -59 -64 -61.5	

86 -60 -64 -62	

87 -60 -64 -62	

88 -60 -64 -62	

89 -60 -64 -62	

90 -60 -63 -61.5	

91 -61 -63 -62	

92 -63 -62 -62.5	

93 -64 -63 -63.5	

94 -64 -62 -63	

95 -64 -62 -63	

96 -63 -63 -63	





	


