#96_6_1
1 -55 -58 -56.5	

2 -63 -58 -60.5	

3 -61 -58 -59.5	

4 -60 -58 -59	

5 -59 -58 -58.5	

6 -59 -59 -59	

7 -58 -58 -58	

8 -58 -57 -57.5	

9 -57 -57 -57	

10 -57 -57 -57	

11 -56 -57 -56.5	

12 -56 -57 -56.5	

13 -56 -57 -56.5	

14 -56 -57 -56.5	

15 -56 -58 -57	

16 -56 -58 -57	

17 -56 -58 -57	

18 -56 -58 -57	

19 -56 -58 -57	

20 -56 -58 -57	

21 -56 -58 -57	

22 -56 -58 -57	

23 -56 -58 -57	

24 -56 -58 -57	

25 -56 -56 -56	

26 -57 -55 -56	

27 -57 -55 -56	

28 -57 -55 -56	

29 -57 -55 -56	

30 -57 -55 -56	

31 -57 -55 -56	

32 -57 -54 -55.5	

33 -57 -54 -55.5	

34 -57 -54 -55.5	

35 -57 -53 -55	

36 -57 -56 -56.5	

37 -57 -57 -57	

38 -57 -57 -57	

39 -57 -57 -57	

40 -58 -57 -57.5	

41 -58 -58 -58	

42 -58 -58 -58	

43 -58 -59 -58.5	

44 -58 -59 -58.5	

45 -61 -60 -60.5	

46 -61 -59 -60	

47 -61 -59 -60	

48 -61 -59 -60	

49 -60 -59 -59.5	

50 -60 -59 -59.5	

51 -60 -59 -59.5	

52 -60 -59 -59.5	

53 -60 -59 -59.5	

54 -60 -59 -59.5	

55 -60 -59 -59.5	

56 -58 -59 -58.5	

57 -58 -59 -58.5	

58 -57 -59 -58	

59 -57 -59 -58	

60 -56 -59 -57.5	

61 -55 -59 -57	

62 -55 -59 -57	

63 -55 -58 -56.5	

64 -55 -58 -56.5	

65 -56 -58 -57	

66 -56 -58 -57	

67 -56 -58 -57	

68 -56 -59 -57.5	

69 -56 -60 -58	

70 -56 -61 -58.5	

71 -56 -61 -58.5	

72 -56 -59 -57.5	

73 -56 -57 -56.5	

74 -56 -60 -58	

75 -56 -63 -59.5	

76 -56 -66 -61	

77 -56 -67 -61.5	

78 -56 -62 -59	

79 -56 -63 -59.5	

80 -57 -65 -61	

81 -57 -65 -61	

82 -57 -60 -58.5	

83 -57 -59 -58	

84 -59 -58 -58.5	

85 -61 -56 -58.5	

86 -61 -55 -58	

87 -61 -55 -58	

88 -61 -54 -57.5	

89 -59 -54 -56.5	

90 -59 -54 -56.5	

91 -57 -54 -55.5	

92 -56 -52 -54	

93 -55 -52 -53.5	

94 -53 -52 -52.5	

95 -53 -53 -53	

96 -54 -54 -54	
#96_6_2
1 -54 -61 -57.5	

2 -62 -60 -61	

3 -58 -59 -58.5	

4 -58 -59 -58.5	

5 -59 -59 -59	

6 -57 -59 -58	

7 -57 -58 -57.5	

8 -57 -58 -57.5	

9 -57 -58 -57.5	

10 -57 -58 -57.5	

11 -57 -58 -57.5	

12 -57 -59 -58	

13 -57 -59 -58	

14 -57 -59 -58	

15 -57 -60 -58.5	

16 -57 -60 -58.5	

17 -57 -60 -58.5	

18 -58 -60 -59	

19 -59 -60 -59.5	

20 -60 -63 -61.5	

21 -60 -58 -59	

22 -61 -58 -59.5	

23 -62 -58 -60	

24 -63 -58 -60.5	

25 -65 -58 -61.5	

26 -65 -58 -61.5	

27 -62 -58 -60	

28 -61 -57 -59	

29 -62 -57 -59.5	

30 -60 -57 -58.5	

31 -59 -58 -58.5	

32 -59 -58 -58.5	

33 -59 -58 -58.5	

34 -58 -58 -58	

35 -59 -59 -59	

36 -58 -59 -58.5	

37 -58 -59 -58.5	

38 -58 -60 -59	

39 -58 -60 -59	

40 -58 -60 -59	

41 -58 -61 -59.5	

42 -59 -63 -61	

43 -60 -64 -62	

44 -60 -64 -62	

45 -61 -64 -62.5	

46 -63 -64 -63.5	

47 -63 -65 -64	

48 -66 -65 -65.5	

49 -66 -66 -66	

50 -72 -66 -69	

51 -74 -66 -70	

52 -70 -66 -68	

53 -67 -66 -66.5	

54 -65 -66 -65.5	

55 -64 -66 -65	

56 -62 -66 -64	

57 -61 -66 -63.5	

58 -59 -65 -62	

59 -59 -65 -62	

60 -58 -63 -60.5	

61 -57 -67 -62	

62 -57 -69 -63	

63 -57 -65 -61	

64 -57 -62 -59.5	

65 -57 -61 -59	

66 -57 -61 -59	

67 -57 -61 -59	

68 -57 -61 -59	

69 -57 -62 -59.5	

70 -57 -62 -59.5	

71 -57 -62 -59.5	

72 -55 -60 -57.5	

73 -56 -64 -60	

74 -56 -61 -58.5	

75 -56 -61 -58.5	

76 -56 -61 -58.5	

77 -56 -61 -58.5	

78 -56 -61 -58.5	

79 -56 -61 -58.5	

80 -56 -61 -58.5	

81 -56 -61 -58.5	

82 -56 -62 -59	

83 -57 -63 -60	

84 -57 -63 -60	

85 -57 -63 -60	

86 -58 -63 -60.5	

87 -58 -64 -61	

88 -61 -63 -62	

89 -63 -61 -62	

90 -64 -62 -63	

91 -73 -62 -67.5	

92 -67 -58 -62.5	

93 -64 -61 -62.5	

94 -61 -59 -60	

95 -61 -59 -60	

96 -59 -59 -59
	
#96_7_1
1 -61 -61 -61	

2 -60 -60 -60	

3 -61 -60 -60.5	

4 -62 -59 -60.5	

5 -60 -59 -59.5	

6 -60 -59 -59.5	

7 -60 -59 -59.5	

8 -60 -59 -59.5	

9 -60 -59 -59.5	

10 -60 -59 -59.5	

11 -58 -59 -58.5	

12 -60 -59 -59.5	

13 -60 -59 -59.5	

14 -60 -60 -60	

15 -60 -60 -60	

16 -60 -60 -60	

17 -60 -61 -60.5	

18 -60 -61 -60.5	

19 -60 -61 -60.5	

20 -62 -61 -61.5	

21 -62 -61 -61.5	

22 -62 -61 -61.5	

23 -62 -61 -61.5	

24 -62 -61 -61.5	

25 -61 -61 -61	

26 -60 -61 -60.5	

27 -60 -61 -60.5	

28 -61 -61 -61	

29 -61 -61 -61	

30 -60 -59 -59.5	

31 -60 -61 -60.5	

32 -60 -61 -60.5	

33 -60 -61 -60.5	

34 -60 -61 -60.5	

35 -60 -61 -60.5	

36 -60 -61 -60.5	

37 -60 -61 -60.5	

38 -60 -61 -60.5	

39 -60 -61 -60.5	

40 -60 -61 -60.5	

41 -60 -61 -60.5	

42 -63 -61 -62	

43 -64 -61 -62.5	

44 -64 -62 -63	

45 -66 -62 -64	

46 -66 -62 -64	

47 -64 -61 -62.5	

48 -64 -61 -62.5	

49 -64 -61 -62.5	

50 -63 -63 -63	

51 -62 -63 -62.5	

52 -62 -64 -63	

53 -62 -64 -63	

54 -62 -64 -63	

55 -62 -64 -63	

56 -62 -67 -64.5	

57 -60 -70 -65	

58 -60 -72 -66	

59 -60 -71 -65.5	

60 -60 -72 -66	

61 -60 -71 -65.5	

62 -60 -70 -65	

63 -60 -69 -64.5	

64 -60 -67 -63.5	

65 -61 -66 -63.5	

66 -61 -66 -63.5	

67 -61 -65 -63	

68 -62 -62 -62	

69 -62 -63 -62.5	

70 -62 -62 -62	

71 -60 -63 -61.5	

72 -59 -63 -61	

73 -59 -61 -60	

74 -58 -61 -59.5	

75 -58 -61 -59.5	

76 -56 -61 -58.5	

77 -56 -62 -59	

78 -60 -63 -61.5	

79 -58 -63 -60.5	

80 -57 -63 -60	

81 -58 -63 -60.5	

82 -59 -64 -61.5	

83 -59 -65 -62	

84 -60 -66 -63	

85 -61 -67 -64	

86 -63 -67 -65	

87 -64 -67 -65.5	

88 -66 -68 -67	

89 -68 -67 -67.5	

90 -66 -66 -66	

91 -68 -65 -66.5	

92 -66 -66 -66	

93 -66 -68 -67	

94 -64 -64 -64	

95 -62 -62 -62	

96 -62 -62 -62	
#96_7_2
1 -56 -60 -58	

2 -57 -59 -58	

3 -58 -59 -58.5	

4 -58 -59 -58.5	

5 -58 -59 -58.5	

6 -58 -59 -58.5	

7 -58 -59 -58.5	

8 -58 -59 -58.5	

9 -58 -59 -58.5	

10 -58 -59 -58.5	

11 -58 -59 -58.5	

12 -59 -59 -59	

13 -59 -60 -59.5	

14 -59 -60 -59.5	

15 -59 -60 -59.5	

16 -59 -60 -59.5	

17 -59 -60 -59.5	

18 -59 -60 -59.5	

19 -59 -61 -60	

20 -59 -62 -60.5	

21 -59 -63 -61	

22 -59 -63 -61	

23 -59 -63 -61	

24 -61 -63 -62	

25 -61 -63 -62	

26 -60 -62 -61	

27 -60 -61 -60.5	

28 -60 -59 -59.5	

29 -60 -59 -59.5	

30 -60 -59 -59.5	

31 -61 -59 -60	

32 -61 -59 -60	

33 -61 -59 -60	

34 -61 -59 -60	

35 -61 -58 -59.5	

36 -64 -58 -61	

37 -63 -58 -60.5	

38 -63 -58 -60.5	

39 -63 -58 -60.5	

40 -64 -58 -61	

41 -64 -58 -61	

42 -63 -58 -60.5	

43 -64 -58 -61	

44 -64 -59 -61.5	

45 -62 -59 -60.5	

46 -64 -59 -61.5	

47 -60 -59 -59.5	

48 -59 -59 -59	

49 -62 -59 -60.5	

50 -62 -61 -61.5	

51 -62 -62 -62	

52 -62 -62 -62	

53 -62 -65 -63.5	

54 -63 -67 -65	

55 -63 -68 -65.5	

56 -63 -68 -65.5	

57 -63 -69 -66	

58 -63 -66 -64.5	

59 -63 -65 -64	

60 -64 -62 -63	

61 -65 -63 -64	

62 -65 -61 -63	

63 -66 -58 -62	

64 -65 -58 -61.5	

65 -65 -58 -61.5	

66 -65 -58 -61.5	

67 -61 -59 -60	

68 -61 -57 -59	

69 -61 -57 -59	

70 -58 -56 -57	

71 -58 -58 -58	

72 -58 -60 -59	

73 -58 -59 -58.5	

74 -56 -59 -57.5	

75 -56 -60 -58	

76 -57 -62 -59.5	

77 -57 -58 -57.5	

78 -57 -59 -58	

79 -57 -63 -60	

80 -58 -61 -59.5	

81 -61 -61 -61	

82 -61 -63 -62	

83 -61 -63 -62	

84 -63 -63 -63	

85 -59 -61 -60	

86 -58 -60 -59	

87 -57 -60 -58.5	

88 -57 -60 -58.5	

89 -57 -60 -58.5	

90 -57 -59 -58	

91 -57 -59 -58	

92 -57 -58 -57.5	

93 -57 -57 -57	

94 -57 -57 -57	

95 -58 -58 -58	

96 -58 -58 -58	
#96_8_1
1 -58 -62 -60	

2 -63 -59 -61	

3 -65 -68 -66.5	

4 -62 -69 -65.5	

5 -65 -62 -63.5	

6 -63 -58 -60.5	

7 -63 -57 -60	

8 -63 -57 -60	

9 -62 -57 -59.5	

10 -61 -57 -59	

11 -60 -57 -58.5	

12 -61 -56 -58.5	

13 -60 -56 -58	

14 -59 -57 -58	

15 -60 -58 -59	

16 -60 -58 -59	

17 -60 -58 -59	

18 -60 -58 -59	

19 -60 -58 -59	

20 -61 -58 -59.5	

21 -61 -58 -59.5	

22 -60 -58 -59	

23 -60 -58 -59	

24 -59 -58 -58.5	

25 -59 -56 -57.5	

26 -60 -56 -58	

27 -60 -57 -58.5	

28 -60 -57 -58.5	

29 -58 -56 -57	

30 -58 -55 -56.5	

31 -58 -55 -56.5	

32 -57 -55 -56	

33 -57 -56 -56.5	

34 -57 -55 -56	

35 -58 -55 -56.5	

36 -58 -55 -56.5	

37 -58 -55 -56.5	

38 -60 -55 -57.5	

39 -61 -55 -58	

40 -61 -55 -58	

41 -62 -55 -58.5	

42 -62 -54 -58	

43 -62 -54 -58	

44 -62 -54 -58	

45 -62 -57 -59.5	

46 -60 -59 -59.5	

47 -60 -53 -56.5	

48 -59 -53 -56	

49 -59 -48 -53.5	

50 -59 -51 -55	

51 -59 -56 -57.5	

52 -59 -56 -57.5	

53 -60 -56 -58	

54 -60 -56 -58	

55 -60 -56 -58	

56 -63 -58 -60.5	

57 -61 -58 -59.5	

58 -62 -58 -60	

59 -62 -58 -60	

60 -62 -61 -61.5	

61 -63 -63 -63	

62 -64 -62 -63	

63 -66 -60 -63	

64 -68 -58 -63	

65 -70 -58 -64	

66 -71 -58 -64.5	

67 -70 -60 -65	

68 -68 -63 -65.5	

69 -65 -61 -63	

70 -67 -61 -64	

71 -62 -60 -61	

72 -61 -59 -60	

73 -61 -57 -59	

74 -61 -62 -61.5	

75 -59 -62 -60.5	

76 -59 -65 -62	

77 -59 -69 -64	

78 -59 -66 -62.5	

79 -59 -66 -62.5	

80 -63 -66 -64.5	

81 -60 -68 -64	

82 -60 -68 -64	

83 -63 -66 -64.5	

84 -62 -69 -65.5	

85 -63 -70 -66.5	

86 -63 -67 -65	

87 -63 -68 -65.5	

88 -66 -70 -68	

89 -66 -68 -67	

90 -68 -67 -67.5	

91 -70 -66 -68	

92 -70 -66 -68	

93 -68 -64 -66	

94 -66 -62 -64	

95 -63 -61 -62	

96 -61 -61 -61	
#96_8_2
1 -59 -59 -59	

2 -60 -59 -59.5	

3 -61 -59 -60	

4 -60 -59 -59.5	

5 -60 -59 -59.5	

6 -60 -59 -59.5	

7 -60 -59 -59.5	

8 -59 -59 -59	

9 -59 -59 -59	

10 -59 -59 -59	

11 -59 -59 -59	

12 -58 -61 -59.5	

13 -58 -60 -59	

14 -61 -60 -60.5	

15 -59 -60 -59.5	

16 -59 -60 -59.5	

17 -58 -60 -59	

18 -58 -60 -59	

19 -58 -60 -59	

20 -59 -60 -59.5	

21 -58 -59 -58.5	

22 -57 -59 -58	

23 -57 -59 -58	

24 -61 -59 -60	

25 -59 -59 -59	

26 -57 -59 -58	

27 -57 -59 -58	

28 -59 -59 -59	

29 -60 -60 -60	

30 -64 -60 -62	

31 -63 -60 -61.5	

32 -62 -60 -61	

33 -63 -60 -61.5	

34 -63 -60 -61.5	

35 -61 -57 -59	

36 -58 -57 -57.5	

37 -61 -57 -59	

38 -62 -57 -59.5	

39 -63 -57 -60	

40 -58 -57 -57.5	

41 -62 -57 -59.5	

42 -61 -59 -60	

43 -58 -58 -58	

44 -57 -57 -57	

45 -57 -58 -57.5	

46 -56 -58 -57	

47 -56 -57 -56.5	

48 -56 -61 -58.5	

49 -61 -58 -59.5	

50 -57 -58 -57.5	

51 -58 -59 -58.5	

52 -64 -62 -63	

53 -58 -60 -59	

54 -58 -60 -59	

55 -65 -65 -65	

56 -68 -62 -65	

57 -58 -63 -60.5	

58 -63 -67 -65	

59 -61 -63 -62	

60 -61 -71 -66	

61 -65 -68 -66.5	

62 -66 -62 -64	

63 -64 -68 -66	

64 -64 -67 -65.5	

65 -66 -59 -62.5	

66 -67 -59 -63	

67 -62 -62 -62	

68 -62 -58 -60	

69 -67 -60 -63.5	

70 -58 -57 -57.5	

71 -57 -55 -56	

72 -58 -57 -57.5	

73 -54 -56 -55	

74 -53 -56 -54.5	

75 -54 -56 -55	

76 -53 -56 -54.5	

77 -53 -59 -56	

78 -53 -58 -55.5	

79 -53 -57 -55	

80 -58 -58 -58	

81 -58 -59 -58.5	

82 -57 -58 -57.5	

83 -58 -56 -57	

84 -57 -55 -56	

85 -57 -57 -57	

86 -57 -58 -57.5	

87 -59 -60 -59.5	

88 -61 -58 -59.5	

89 -64 -60 -62	

90 -65 -61 -63	

91 -61 -62 -61.5	

92 -62 -64 -63	

93 -67 -65 -66	

94 -66 -65 -65.5	

95 -73 -63 -68	

96 -74 -74 -74	
#96_9_1
1 -61 -62 -61.5	

2 -64 -62 -63	

3 -64 -63 -63.5	

4 -64 -61 -62.5	

5 -63 -61 -62	

6 -63 -61 -62	

7 -63 -61 -62	

8 -62 -61 -61.5	

9 -62 -61 -61.5	

10 -61 -61 -61	

11 -61 -61 -61	

12 -61 -61 -61	

13 -61 -61 -61	

14 -61 -61 -61	

15 -61 -61 -61	

16 -61 -61 -61	

17 -61 -61 -61	

18 -61 -61 -61	

19 -61 -60 -60.5	

20 -60 -60 -60	

21 -60 -60 -60	

22 -60 -60 -60	

23 -60 -61 -60.5	

24 -60 -61 -60.5	

25 -60 -61 -60.5	

26 -60 -61 -60.5	

27 -60 -61 -60.5	

28 -60 -63 -61.5	

29 -60 -64 -62	

30 -60 -64 -62	

31 -60 -64 -62	

32 -59 -65 -62	

33 -59 -61 -60	

34 -59 -63 -61	

35 -59 -62 -60.5	

36 -57 -61 -59	

37 -57 -64 -60.5	

38 -57 -66 -61.5	

39 -58 -66 -62	

40 -57 -66 -61.5	

41 -55 -66 -60.5	

42 -55 -68 -61.5	

43 -58 -68 -63	

44 -59 -67 -63	

45 -64 -67 -65.5	

46 -62 -67 -64.5	

47 -60 -67 -63.5	

48 -60 -67 -63.5	

49 -60 -65 -62.5	

50 -61 -62 -61.5	

51 -64 -62 -63	

52 -63 -62 -62.5	

53 -62 -62 -62	

54 -63 -62 -62.5	

55 -65 -62 -63.5	

56 -63 -62 -62.5	

57 -64 -62 -63	

58 -64 -62 -63	

59 -64 -62 -63	

60 -64 -60 -62	

61 -66 -60 -63	

62 -68 -60 -64	

63 -69 -60 -64.5	

64 -67 -60 -63.5	

65 -66 -60 -63	

66 -66 -59 -62.5	

67 -67 -59 -63	

68 -66 -59 -62.5	

69 -66 -59 -62.5	

70 -64 -59 -61.5	

71 -64 -59 -61.5	

72 -63 -59 -61	

73 -62 -62 -62	

74 -62 -60 -61	

75 -60 -63 -61.5	

76 -60 -59 -59.5	

77 -60 -60 -60	

78 -60 -67 -63.5	

79 -60 -63 -61.5	

80 -60 -59 -59.5	

81 -60 -65 -62.5	

82 -60 -60 -60	

83 -60 -61 -60.5	

84 -57 -58 -57.5	

85 -62 -63 -62.5	

86 -62 -61 -61.5	

87 -61 -59 -60	

88 -60 -60 -60	

89 -59 -62 -60.5	

90 -58 -63 -60.5	

91 -57 -63 -60	

92 -57 -59 -58	

93 -57 -63 -60	

94 -56 -62 -59	

95 -56 -56 -56	

96 -56 -56 -56
#96_9_2
1 -68 -64 -66	

2 -66 -65 -65.5	

3 -66 -65 -65.5	

4 -67 -67 -67	

5 -67 -65 -66	

6 -65 -65 -65	

7 -64 -65 -64.5	

8 -63 -65 -64	

9 -63 -64 -63.5	

10 -61 -64 -62.5	

11 -61 -64 -62.5	

12 -62 -64 -63	

13 -70 -65 -67.5	

14 -66 -65 -65.5	

15 -64 -66 -65	

16 -65 -67 -66	

17 -62 -68 -65	

18 -62 -69 -65.5	

19 -61 -69 -65	

20 -61 -69 -65	

21 -60 -69 -64.5	

22 -60 -66 -63	

23 -60 -66 -63	

24 -59 -63 -61	

25 -59 -63 -61	

26 -61 -63 -62	

27 -63 -63 -63	

28 -63 -63 -63	

29 -62 -63 -62.5	

30 -61 -63 -62	

31 -60 -64 -62	

32 -60 -64 -62	

33 -60 -64 -62	

34 -60 -64 -62	

35 -60 -64 -62	

36 -60 -65 -62.5	

37 -60 -65 -62.5	

38 -60 -67 -63.5	

39 -60 -62 -61	

40 -60 -63 -61.5	

41 -60 -61 -60.5	

42 -61 -59 -60	

43 -62 -59 -60.5	

44 -58 -58 -58	

45 -59 -58 -58.5	

46 -56 -59 -57.5	

47 -56 -59 -57.5	

48 -62 -55 -58.5	

49 -73 -58 -65.5	

50 -73 -64 -68.5	

51 -65 -57 -61	

52 -63 -57 -60	

53 -64 -57 -60.5	

54 -62 -60 -61	

55 -60 -58 -59	

56 -57 -59 -58	

57 -55 -59 -57	

58 -55 -59 -57	

59 -53 -59 -56	

60 -53 -59 -56	

61 -53 -58 -55.5	

62 -53 -58 -55.5	

63 -53 -58 -55.5	

64 -53 -57 -55	

65 -52 -56 -54	

66 -52 -56 -54	

67 -52 -56 -54	

68 -52 -56 -54	

69 -52 -56 -54	

70 -52 -56 -54	

71 -52 -56 -54	

72 -52 -55 -53.5	

73 -52 -54 -53	

74 -52 -52 -52	

75 -52 -52 -52	

76 -52 -52 -52	

77 -52 -53 -52.5	

78 -52 -54 -53	

79 -52 -54 -53	

80 -52 -55 -53.5	

81 -56 -56 -56	

82 -56 -56 -56	

83 -56 -56 -56	

84 -56 -57 -56.5	

85 -58 -57 -57.5	

86 -57 -57 -57	

87 -57 -57 -57	

88 -59 -57 -58	

89 -66 -57 -61.5	

90 -62 -58 -60	

91 -57 -58 -57.5	

92 -65 -59 -62	

93 -67 -59 -63	

94 -61 -60 -60.5	

95 -56 -61 -58.5	

96 -60 -60 -60	
#96_10_1
1 -57 -57 -57	

2 -58 -57 -57.5	

3 -60 -57 -58.5	

4 -60 -57 -58.5	

5 -58 -57 -57.5	

6 -59 -57 -58	

7 -59 -57 -58	

8 -59 -57 -58	

9 -58 -57 -57.5	

10 -61 -57 -59	

11 -59 -57 -58	

12 -59 -57 -58	

13 -59 -57 -58	

14 -59 -57 -58	

15 -59 -57 -58	

16 -59 -57 -58	

17 -59 -57 -58	

18 -59 -57 -58	

19 -57 -57 -57	

20 -58 -57 -57.5	

21 -58 -57 -57.5	

22 -58 -57 -57.5	

23 -59 -57 -58	

24 -59 -57 -58	

25 -58 -57 -57.5	

26 -58 -57 -57.5	

27 -58 -57 -57.5	

28 -58 -57 -57.5	

29 -57 -57 -57	

30 -57 -57 -57	

31 -57 -57 -57	

32 -57 -57 -57	

33 -57 -57 -57	

34 -57 -57 -57	

35 -57 -57 -57	

36 -57 -57 -57	

37 -57 -57 -57	

38 -57 -57 -57	

39 -57 -57 -57	

40 -57 -57 -57	

41 -57 -57 -57	

42 -57 -57 -57	

43 -57 -57 -57	

44 -57 -57 -57	

45 -57 -57 -57	

46 -57 -57 -57	

47 -57 -57 -57	

48 -57 -57 -57	

49 -56 -57 -56.5	

50 -56 -57 -56.5	

51 -56 -57 -56.5	

52 -56 -57 -56.5	

53 -56 -57 -56.5	

54 -56 -57 -56.5	

55 -56 -57 -56.5	

56 -56 -57 -56.5	

57 -56 -57 -56.5	

58 -56 -56 -56	

59 -56 -56 -56	

60 -56 -56 -56	

61 -56 -56 -56	

62 -56 -56 -56	

63 -56 -56 -56	

64 -56 -56 -56	

65 -56 -56 -56	

66 -56 -56 -56	

67 -56 -56 -56	

68 -56 -56 -56	

69 -56 -56 -56	

70 -56 -56 -56	

71 -56 -56 -56	

72 -56 -57 -56.5	

73 -56 -57 -56.5	

74 -56 -57 -56.5	

75 -56 -57 -56.5	

76 -56 -57 -56.5	

77 -56 -57 -56.5	

78 -60 -57 -58.5	

79 -58 -57 -57.5	

80 -58 -57 -57.5	

81 -58 -57 -57.5	

82 -58 -57 -57.5	

83 -57 -57 -57	

84 -57 -57 -57	

85 -57 -57 -57	

86 -57 -57 -57	

87 -57 -57 -57	

88 -57 -57 -57	

89 -57 -57 -57	

90 -57 -57 -57	

91 -57 -57 -57	

92 -57 -58 -57.5	

93 -57 -58 -57.5	

94 -57 -59 -58	

95 -57 -59 -58	

96 -57 -57 -57	
#96_10_2
1 -61 -68 -64.5	

2 -65 -68 -66.5	

3 -65 -68 -66.5	

4 -67 -68 -67.5	

5 -69 -67 -68	

6 -67 -66 -66.5	

7 -67 -64 -65.5	

8 -69 -64 -66.5	

9 -69 -65 -67	

10 -69 -65 -67	

11 -68 -65 -66.5	

12 -68 -64 -66	

13 -68 -64 -66	

14 -68 -64 -66	

15 -65 -63 -64	

16 -63 -62 -62.5	

17 -63 -62 -62.5	

18 -65 -62 -63.5	

19 -65 -61 -63	

20 -63 -61 -62	

21 -63 -61 -62	

22 -62 -60 -61	

23 -61 -60 -60.5	

24 -61 -60 -60.5	

25 -61 -60 -60.5	

26 -61 -60 -60.5	

27 -61 -60 -60.5	

28 -61 -60 -60.5	

29 -61 -60 -60.5	

30 -60 -60 -60	

31 -60 -60 -60	

32 -60 -60 -60	

33 -60 -60 -60	

34 -60 -60 -60	

35 -60 -60 -60	

36 -60 -60 -60	

37 -60 -60 -60	

38 -60 -61 -60.5	

39 -60 -61 -60.5	

40 -60 -61 -60.5	

41 -61 -63 -62	

42 -61 -63 -62	

43 -61 -64 -62.5	

44 -62 -64 -63	

45 -62 -64 -63	

46 -62 -64 -63	

47 -62 -64 -63	

48 -62 -63 -62.5	

49 -62 -62 -62	

50 -62 -62 -62	

51 -62 -65 -63.5	

52 -62 -64 -63	

53 -62 -64 -63	

54 -62 -64 -63	

55 -62 -65 -63.5	

56 -62 -66 -64	

57 -61 -64 -62.5	

58 -61 -62 -61.5	

59 -61 -65 -63	

60 -61 -65 -63	

61 -62 -65 -63.5	

62 -61 -65 -63	

63 -61 -65 -63	

64 -61 -65 -63	

65 -63 -68 -65.5	

66 -63 -68 -65.5	

67 -66 -70 -68	

68 -66 -68 -67	

69 -64 -69 -66.5	

70 -66 -67 -66.5	

71 -65 -67 -66	

72 -65 -69 -67	

73 -66 -71 -68.5	

74 -66 -69 -67.5	

75 -66 -69 -67.5	

76 -67 -71 -69	

77 -70 -71 -70.5	

78 -74 -71 -72.5	

79 -72 -71 -71.5	

80 -69 -72 -70.5	

81 -72 -70 -71	

82 -71 -69 -70	

83 -73 -67 -70	

84 -74 -67 -70.5	

85 -73 -67 -70	

86 -71 -67 -69	

87 -67 -65 -66	

88 -66 -63 -64.5	

89 -66 -63 -64.5	

90 -66 -63 -64.5	

91 -64 -63 -63.5	

92 -62 -63 -62.5	

93 -62 -62 -62	

94 -63 -62 -62.5	

95 -62 -63 -62.5	

96 -63 -63 -63	

#96_11_1
1 -72 -72 -72	

2 -73 -72 -72.5	

3 -73 -72 -72.5	

4 -73 -73 -73	

5 -72 -74 -73	

6 -74 -74 -74	

7 -74 -74 -74	

8 -72 -75 -73.5	

9 -75 -75 -75	

10 -73 -76 -74.5	

11 -75 -75 -75	

12 -73 -75 -74	

13 -72 -75 -73.5	

14 -71 -75 -73	

15 -71 -75 -73	

16 -69 -74 -71.5	

17 -70 -70 -70	

18 -68 -70 -69	

19 -69 -70 -69.5	

20 -67 -70 -68.5	

21 -66 -68 -67	

22 -66 -66 -66	

23 -65 -66 -65.5	

24 -65 -65 -65	

25 -64 -65 -64.5	

26 -64 -65 -64.5	

27 -64 -65 -64.5	

28 -63 -65 -64	

29 -63 -65 -64	

30 -63 -65 -64	

31 -63 -65 -64	

32 -63 -65 -64	

33 -63 -64 -63.5	

34 -63 -65 -64	

35 -64 -67 -65.5	

36 -66 -67 -66.5	

37 -67 -68 -67.5	

38 -67 -69 -68	

39 -68 -73 -70.5	

40 -72 -73 -72.5	

41 -71 -72 -71.5	

42 -72 -71 -71.5	

43 -72 -69 -70.5	

44 -71 -67 -69	

45 -70 -67 -68.5	

46 -66 -68 -67	

47 -66 -67 -66.5	

48 -65 -67 -66	

49 -64 -67 -65.5	

50 -63 -65 -64	

51 -63 -63 -63	

52 -62 -63 -62.5	

53 -62 -63 -62.5	

54 -62 -63 -62.5	

55 -62 -63 -62.5	

56 -62 -63 -62.5	

57 -62 -63 -62.5	

58 -62 -63 -62.5	

59 -63 -63 -63	

60 -63 -63 -63	

61 -63 -63 -63	

62 -63 -63 -63	

63 -64 -63 -63.5	

64 -64 -63 -63.5	

65 -64 -63 -63.5	

66 -64 -64 -64	

67 -64 -61 -62.5	

68 -65 -61 -63	

69 -64 -61 -62.5	

70 -64 -61 -62.5	

71 -64 -61 -62.5	

72 -64 -61 -62.5	

73 -64 -61 -62.5	

74 -64 -61 -62.5	

75 -64 -61 -62.5	

76 -64 -61 -62.5	

77 -65 -61 -63	

78 -65 -61 -63	

79 -65 -61 -63	

80 -65 -62 -63.5	

81 -65 -62 -63.5	

82 -65 -62 -63.5	

83 -65 -62 -63.5	

84 -65 -62 -63.5	

85 -64 -62 -63	

86 -63 -63 -63	

87 -63 -64 -63.5	

88 -63 -64 -63.5	

89 -64 -64 -64	

90 -64 -66 -65	

91 -65 -67 -66	

92 -66 -67 -66.5	

93 -67 -67 -67	

94 -67 -67 -67	

95 -67 -67 -67	

96 -67 -67 -67	

#96_11_2
1 -70 -74 -72	

2 -71 -74 -72.5	

3 -74 -74 -74	

4 -73 -74 -73.5	

5 -72 -74 -73	

6 -73 -72 -72.5	

7 -73 -72 -72.5	

8 -73 -72 -72.5	

9 -74 -72 -73	

10 -74 -74 -74	

11 -75 -74 -74.5	

12 -75 -75 -75	

13 -74 -75 -74.5	

14 -74 -74 -74	

15 -72 -74 -73	

16 -71 -73 -72	

17 -71 -74 -72.5	

18 -69 -71 -70	

19 -69 -71 -70	

20 -67 -68 -67.5	

21 -67 -67 -67	

22 -66 -66 -66	

23 -65 -66 -65.5	

24 -65 -65 -65	

25 -65 -64 -64.5	

26 -65 -64 -64.5	

27 -65 -63 -64	

28 -65 -64 -64.5	

29 -65 -64 -64.5	

30 -65 -64 -64.5	

31 -65 -64 -64.5	

32 -65 -64 -64.5	

33 -65 -65 -65	

34 -66 -67 -66.5	

35 -66 -67 -66.5	

36 -67 -67 -67	

37 -70 -71 -70.5	

38 -70 -71 -70.5	

39 -70 -74 -72	

40 -71 -75 -73	

41 -71 -78 -74.5	

42 -70 -75 -72.5	

43 -68 -72 -70	

44 -67 -71 -69	

45 -67 -74 -70.5	

46 -67 -70 -68.5	

47 -66 -69 -67.5	

48 -65 -70 -67.5	

49 -65 -71 -68	

50 -64 -69 -66.5	

51 -61 -69 -65	

52 -63 -69 -66	

53 -63 -67 -65	

54 -62 -67 -64.5	

55 -62 -67 -64.5	

56 -61 -67 -64	

57 -61 -66 -63.5	

58 -61 -65 -63	

59 -61 -68 -64.5	

60 -62 -67 -64.5	

61 -63 -65 -64	

62 -64 -64 -64	

63 -65 -66 -65.5	

64 -67 -68 -67.5	

65 -67 -66 -66.5	

66 -69 -65 -67	

67 -71 -69 -70	

68 -68 -65 -66.5	

69 -69 -67 -68	

70 -70 -70 -70	

71 -70 -71 -70.5	

72 -71 -72 -71.5	

73 -70 -70 -70	

74 -71 -70 -70.5	

75 -72 -73 -72.5	

76 -73 -73 -73	

77 -73 -70 -71.5	

78 -72 -70 -71	

79 -70 -71 -70.5	

80 -69 -70 -69.5	

81 -69 -69 -69	

82 -69 -65 -67	

83 -69 -65 -67	

84 -68 -65 -66.5	

85 -66 -66 -66	

86 -68 -67 -67.5	

87 -68 -66 -67	

88 -68 -66 -67	

89 -68 -68 -68	

90 -68 -69 -68.5	

91 -66 -70 -68	

92 -64 -69 -66.5	

93 -64 -63 -63.5	

94 -63 -65 -64	

95 -64 -64 -64	

96 -62 -62 -62	
#96_0_1
1 -47 -48 -47.5	

2 -46 -48 -47	

3 -47 -48 -47.5	

4 -47 -47 -47	

5 -47 -46 -46.5	

6 -44 -46 -45	

7 -43 -45 -44	

8 -43 -44 -43.5	

9 -43 -43 -43	

10 -43 -43 -43	

11 -43 -42 -42.5	

12 -43 -41 -42	

13 -43 -41 -42	

14 -43 -41 -42	

15 -43 -41 -42	

16 -43 -40 -41.5	

17 -43 -40 -41.5	

18 -43 -40 -41.5	

19 -43 -40 -41.5	

20 -43 -40 -41.5	

21 -42 -40 -41	

22 -42 -40 -41	

23 -42 -40 -41	

24 -42 -40 -41	

25 -42 -40 -41	

26 -42 -40 -41	

27 -42 -39 -40.5	

28 -42 -39 -40.5	

29 -42 -39 -40.5	

30 -42 -39 -40.5	

31 -42 -39 -40.5	

32 -41 -39 -40	

33 -41 -39 -40	

34 -41 -39 -40	

35 -41 -40 -40.5	

36 -41 -40 -40.5	

37 -42 -40 -41	

38 -42 -41 -41.5	

39 -43 -42 -42.5	

40 -43 -43 -43	

41 -44 -43 -43.5	

42 -44 -44 -44	

43 -45 -45 -45	

44 -47 -47 -47	

45 -48 -47 -47.5	

46 -49 -49 -49	

47 -53 -52 -52.5	

48 -54 -52 -53	

49 -56 -55 -55.5	

50 -58 -55 -56.5	

51 -58 -55 -56.5	

52 -58 -54 -56	

53 -58 -53 -55.5	

54 -59 -54 -56.5	

55 -58 -54 -56	

56 -58 -53 -55.5	

57 -58 -53 -55.5	

58 -58 -53 -55.5	

59 -58 -52 -55	

60 -57 -51 -54	

61 -55 -51 -53	

62 -53 -49 -51	

63 -52 -47 -49.5	

64 -50 -45 -47.5	

65 -48 -45 -46.5	

66 -47 -43 -45	

67 -45 -41 -43	

68 -45 -41 -43	

69 -43 -40 -41.5	

70 -42 -39 -40.5	

71 -42 -39 -40.5	

72 -41 -38 -39.5	

73 -41 -38 -39.5	

74 -41 -38 -39.5	

75 -40 -38 -39	

76 -40 -38 -39	

77 -40 -38 -39	

78 -39 -38 -38.5	

79 -39 -38 -38.5	

80 -38 -38 -38	

81 -38 -38 -38	

82 -38 -38 -38	

83 -38 -38 -38	

84 -38 -38 -38	

85 -38 -38 -38	

86 -38 -38 -38	

87 -38 -38 -38	

88 -38 -38 -38	

89 -37 -39 -38	

90 -37 -39 -38	

91 -38 -39 -38.5	

92 -39 -40 -39.5	

93 -39 -41 -40	

94 -40 -42 -41	

95 -44 -45 -44.5	

96 -45 -45 -45
#96_0_2
1 -53 -47 -50	

2 -53 -47 -50	

3 -53 -48 -50.5	

4 -53 -48 -50.5	

5 -52 -49 -50.5	

6 -53 -49 -51	

7 -51 -51 -51	

8 -52 -50 -51	

9 -52 -52 -52	

10 -52 -53 -52.5	

11 -51 -54 -52.5	

12 -51 -54 -52.5	

13 -51 -54 -52.5	

14 -50 -53 -51.5	

15 -48 -52 -50	

16 -47 -50 -48.5	

17 -45 -46 -45.5	

18 -45 -44 -44.5	

19 -43 -44 -43.5	

20 -42 -41 -41.5	

21 -42 -41 -41.5	

22 -40 -40 -40	

23 -39 -40 -39.5	

24 -38 -37 -37.5	

25 -38 -36 -37	

26 -38 -36 -37	

27 -38 -35 -36.5	

28 -36 -35 -35.5	

29 -36 -35 -35.5	

30 -36 -35 -35.5	

31 -36 -35 -35.5	

32 -35 -36 -35.5	

33 -35 -39 -37	

34 -35 -49 -42	

35 -35 -39 -37	

36 -35 -35 -35	

37 -35 -35 -35	

38 -35 -35 -35	

39 -35 -35 -35	

40 -36 -35 -35.5	

41 -36 -35 -35.5	

42 -36 -36 -36	

43 -37 -36 -36.5	

44 -37 -36 -36.5	

45 -38 -36 -37	

46 -39 -37 -38	

47 -39 -37 -38	

48 -40 -38 -39	

49 -40 -38 -39	

50 -40 -38 -39	

51 -40 -39 -39.5	

52 -41 -40 -40.5	

53 -42 -40 -41	

54 -43 -41 -42	

55 -43 -42 -42.5	

56 -43 -42 -42.5	

57 -44 -46 -45	

58 -45 -49 -47	

59 -46 -49 -47.5	

60 -46 -50 -48	

61 -47 -51 -49	

62 -44 -50 -47	

63 -44 -50 -47	

64 -43 -49 -46	

65 -40 -50 -45	

66 -40 -48 -44	

67 -38 -50 -44	

68 -37 -47 -42	

69 -37 -47 -42	

70 -37 -49 -43	

71 -37 -54 -45.5	

72 -39 -57 -48	

73 -43 -52 -47.5	

74 -55 -48 -51.5	

75 -47 -43 -45	

76 -45 -42 -43.5	

77 -42 -39 -40.5	

78 -40 -36 -38	

79 -36 -33 -34.5	

80 -34 -31 -32.5	

81 -31 -27 -29	

82 -29 -26 -27.5	

83 -28 -25 -26.5	

84 -24 -24 -24	

85 -21 -22 -21.5	

86 -20 -22 -21	

87 -19 -19 -19	

88 -19 -19 -19	

89 -19 -19 -19	

90 -19 -18 -18.5	

91 -19 -18 -18.5	

92 -19 -18 -18.5	

93 -19 -18 -18.5	

94 -19 -18 -18.5	

95 -19 -18 -18.5	

96 -18 -18 -18	

#88_0_1
1 -35 -44 -39.5	

2 -41 -44 -42.5	

3 -41 -44 -42.5	

4 -41 -44 -42.5	

5 -41 -44 -42.5	

6 -42 -44 -43	

7 -42 -44 -43	

8 -42 -43 -42.5	

9 -42 -42 -42	

10 -42 -42 -42	

11 -42 -41 -41.5	

12 -42 -40 -41	

13 -42 -39 -40.5	

14 -41 -38 -39.5	

15 -41 -37 -39	

16 -41 -36 -38.5	

17 -40 -35 -37.5	

18 -40 -35 -37.5	

19 -40 -34 -37	

20 -40 -34 -37	

21 -39 -34 -36.5	

22 -37 -34 -35.5	

23 -37 -34 -35.5	

24 -37 -34 -35.5	

25 -37 -34 -35.5	

26 -41 -34 -37.5	

27 -39 -34 -36.5	

28 -39 -35 -37	

29 -39 -35 -37	

30 -39 -35 -37	

31 -39 -35 -37	

32 -39 -35 -37	

33 -39 -35 -37	

34 -39 -35 -37	

35 -39 -36 -37.5	

36 -39 -36 -37.5	

37 -39 -37 -38	

38 -39 -38 -38.5	

39 -39 -38 -38.5	

40 -39 -40 -39.5	

41 -39 -40 -39.5	

42 -39 -40 -39.5	

43 -39 -40 -39.5	

44 -39 -40 -39.5	

45 -39 -40 -39.5	

46 -39 -40 -39.5	

47 -39 -40 -39.5	

48 -39 -38 -38.5	

49 -39 -38 -38.5	

50 -39 -37 -38	

51 -39 -36 -37.5	

52 -39 -36 -37.5	

53 -39 -34 -36.5	

54 -38 -33 -35.5	

55 -38 -33 -35.5	

56 -38 -32 -35	

57 -36 -31 -33.5	

58 -36 -31 -33.5	

59 -35 -30 -32.5	

60 -34 -30 -32	

61 -34 -30 -32	

62 -33 -30 -31.5	

63 -32 -30 -31	

64 -32 -31 -31.5	

65 -32 -31 -31.5	

66 -30 -31 -30.5	

67 -29 -33 -31	

68 -29 -35 -32	

69 -29 -38 -33.5	

70 -29 -39 -34	

71 -29 -39 -34	

72 -29 -39 -34	

73 -29 -38 -33.5	

74 -29 -32 -30.5	

75 -30 -28 -29	

76 -30 -24 -27	

77 -30 -19 -24.5	

78 -30 -18 -24	

79 -30 -17 -23.5	

80 -30 -15 -22.5	

81 -29 -11 -20	

82 -29 -11 -20	

83 -29 -11 -20	

84 -29 -11 -20	

85 -29 -13 -21	

86 -29 -15 -22	

87 -30 -15 -22.5	

88 -31 -16 -23.5	

89 -23 -17 -20	

90 -13 -18 -15.5	

91 -12 -18 -15	

92 -12 -18 -15	

93 -14 -18 -16	

94 -17 -18 -17.5	

95 -18 -18 -18	

96 -18 -18 -18	


	



