#	X  Y1  Y2  Y3
	1 -38 -42 -40	

	2 -38 -42 -40	

	3 -39 -42 -40.5	

	4 -40 -42 -41	

	5 -40 -42 -41	

	6 -40 -42 -41	

	7 -41 -42 -41.5	

	8 -41 -42 -41.5	

	9 -41 -41 -41	

	10 -40 -40 -40	

	11 -40 -39 -39.5	

	12 -40 -39 -39.5	

	13 -39 -38 -38.5	

	14 -39 -38 -38.5	

	15 -39 -38 -38.5	

	16 -39 -38 -38.5	

	17 -38 -39 -38.5	

	18 -37 -38 -37.5	

	19 -37 -38 -37.5	

	20 -37 -37 -37	

	21 -37 -37 -37	

	22 -36 -38 -37	

	23 -37 -38 -37.5	

	24 -37 -38 -37.5	

	25 -37 -38 -37.5	

	26 -37 -38 -37.5	

	27 -37 -38 -37.5	

	28 -37 -38 -37.5	

	29 -37 -38 -37.5	

	30 -37 -38 -37.5	

	31 -37 -38 -37.5	

	32 -38 -38 -38	

	33 -39 -38 -38.5	

	34 -39 -38 -38.5	

	35 -39 -37 -38	

	36 -39 -37 -38	

	37 -39 -37 -38	

	38 -39 -36 -37.5	

	39 -39 -35 -37	

	40 -39 -35 -37	

	41 -39 -35 -37	

	42 -39 -35 -37	

	43 -39 -35 -37	

	44 -38 -35 -36.5	

	45 -37 -35 -36	

	46 -36 -35 -35.5	

	47 -36 -35 -35.5	

	48 -36 -35 -35.5	

	49 -36 -35 -35.5	

	50 -36 -35 -35.5	

	51 -36 -35 -35.5	

	52 -36 -35 -35.5	

	53 -36 -35 -35.5	

	54 -36 -35 -35.5	

	55 -36 -35 -35.5	

	56 -36 -36 -36	

	57 -35 -36 -35.5	

	58 -35 -36 -35.5	

	59 -36 -36 -36	

	60 -36 -36 -36	

	61 -36 -37 -36.5	

	62 -36 -37 -36.5	

	63 -36 -37 -36.5	

	64 -36 -38 -37	

	65 -36 -39 -37.5	

	66 -36 -40 -38	

	67 -36 -40 -38	

	68 -36 -41 -38.5	

	69 -37 -43 -40	

	70 -38 -46 -42	

	71 -38 -50 -44	

	72 -41 -54 -47.5	

	73 -43 -57 -50	

	74 -46 -58 -52	

	75 -51 -57 -54	

	76 -55 -53 -54	

	77 -53 -52 -52.5	

	78 -52 -55 -53.5	

	79 -54 -53 -53.5	

	80 -65 -54 -59.5	

	81 -69 -54 -61.5	

	82 -64 -56 -60	

	83 -60 -56 -58	

	84 -56 -56 -56	

	85 -52 -56 -54	

	86 -51 -52 -51.5	

	87 -54 -49 -51.5	

	88 -52 -47 -49.5	

	89 -48 -45 -46.5	

	90 -47 -43 -45	

	91 -45 -42 -43.5	

	92 -44 -42 -43	

	93 -43 -41 -42	

	94 -43 -41 -42	

	95 -42 -41 -41.5	

	96 -42 -42 -42	

#	key max46 RSSI_MAX-35.5

