#	X  Y1  Y2  Y3
	1 -36 -37 -36.5	

	2 -36 -37 -36.5	

	3 -37 -37 -37	

	4 -37 -37 -37	

	5 -37 -37 -37	

	6 -37 -39 -38	

	7 -37 -39 -38	

	8 -37 -39 -38	

	9 -37 -39 -38	

	10 -36 -37 -36.5	

	11 -36 -36 -36	

	12 -35 -36 -35.5	

	13 -35 -36 -35.5	

	14 -35 -36 -35.5	

	15 -34 -36 -35	

	16 -34 -36 -35	

	17 -33 -36 -34.5	

	18 -33 -37 -35	

	19 -33 -38 -35.5	

	20 -33 -38 -35.5	

	21 -33 -38 -35.5	

	22 -33 -36 -34.5	

	23 -33 -36 -34.5	

	24 -33 -36 -34.5	

	25 -35 -35 -35	

	26 -36 -35 -35.5	

	27 -36 -35 -35.5	

	28 -37 -35 -36	

	29 -37 -35 -36	

	30 -37 -35 -36	

	31 -37 -35 -36	

	32 -37 -35 -36	

	33 -37 -35 -36	

	34 -37 -36 -36.5	

	35 -38 -36 -37	

	36 -38 -36 -37	

	37 -40 -36 -38	

	38 -41 -38 -39.5	

	39 -41 -38 -39.5	

	40 -42 -38 -40	

	41 -42 -38 -40	

	42 -42 -38 -40	

	43 -42 -38 -40	

	44 -42 -38 -40	

	45 -41 -38 -39.5	

	46 -40 -37 -38.5	

	47 -40 -37 -38.5	

	48 -40 -37 -38.5	

	49 -38 -37 -37.5	

	50 -38 -37 -37.5	

	51 -37 -37 -37	

	52 -36 -37 -36.5	

	53 -36 -37 -36.5	

	54 -35 -37 -36	

	55 -35 -37 -36	

	56 -35 -37 -36	

	57 -35 -37 -36	

	58 -35 -38 -36.5	

	59 -35 -39 -37	

	60 -35 -42 -38.5	

	61 -35 -42 -38.5	

	62 -35 -42 -38.5	

	63 -35 -42 -38.5	

	64 -35 -42 -38.5	

	65 -35 -42 -38.5	

	66 -36 -42 -39	

	67 -38 -44 -41	

	68 -39 -46 -42.5	

	69 -40 -49 -44.5	

	70 -42 -51 -46.5	

	71 -45 -51 -48	

	72 -47 -49 -48	

	73 -48 -47 -47.5	

	74 -47 -45 -46	

	75 -47 -44 -45.5	

	76 -45 -44 -44.5	

	77 -45 -44 -44.5	

	78 -44 -44 -44	

	79 -44 -44 -44	

	80 -43 -45 -44	

	81 -43 -44 -43.5	

	82 -43 -43 -43	

	83 -43 -43 -43	

	84 -43 -43 -43	

	85 -43 -42 -42.5	

	86 -43 -40 -41.5	

	87 -43 -40 -41.5	

	88 -43 -40 -41.5	

	89 -43 -40 -41.5	

	90 -42 -40 -41	

	91 -41 -39 -40	

	92 -41 -39 -40	

	93 -41 -39 -40	

	94 -41 -39 -40	

	95 -40 -39 -39.5	

	96 -40 -39 -39.5	

#	key max17 RSSI_MAX-34.5

