#	X  Y1  Y2  Y3
	1 -41 -42 -41.5	

	2 -40 -42 -41	

	3 -40 -43 -41.5	
	
	4 -40 -43 -41.5	

	5 -41 -44 -42.5	

	6 -43 -44 -43.5	

	7 -45 -45 -45	

	8 -48 -45 -46.5	

	9 -51 -45 -48	

	10 -53 -45 -49	

	11 -54 -45 -49.5	

	12 -54 -45 -49.5	

	13 -52 -45 -48.5	

	14 -49 -45 -47	

	15 -46 -44 -45	

	16 -45 -43 -44	

	17 -44 -43 -43.5	

	18 -42 -43 -42.5	

	19 -42 -42 -42	

	20 -41 -42 -41.5	

	21 -39 -41 -40	

	22 -39 -40 -39.5	

	23 -39 -40 -39.5	

	24 -38 -40 -39	

	25 -38 -40 -39	

	26 -38 -40 -39	

	27 -38 -40 -39	

	28 -38 -40 -39	

	29 -38 -40 -39	

	30 -38 -40 -39	

	31 -38 -41 -39.5	

	32 -40 -41 -40.5	

	33 -40 -42 -41	

	34 -41 -42 -41.5	

	35 -41 -42 -41.5	

	36 -41 -43 -42	

	37 -41 -43 -42	

	38 -41 -44 -42.5	

	39 -41 -44 -42.5	

	40 -41 -44 -42.5	

	41 -41 -44 -42.5	

	42 -41 -44 -42.5	

	43 -42 -44 -43	

	44 -43 -44 -43.5	

	45 -43 -44 -43.5	

	46 -44 -44 -44	

	47 -44 -44 -44	

	48 -44 -44 -44	

	49 -44 -44 -44	

	50 -44 -45 -44.5	

	51 -44 -45 -44.5	

	52 -44 -45 -44.5	

	53 -44 -45 -44.5	

	54 -44 -45 -44.5	

	55 -44 -45 -44.5	

	56 -44 -45 -44.5	

	57 -43 -45 -44	

	58 -43 -45 -44	

	59 -43 -45 -44	

	60 -43 -45 -44	

	61 -43 -45 -44	

	62 -43 -45 -44	

	63 -43 -45 -44	

	64 -43 -44 -43.5	

	65 -43 -44 -43.5	

	66 -43 -44 -43.5	

	67 -45 -44 -44.5	

	68 -46 -44 -45	

	69 -46 -44 -45	

	70 -46 -44 -45	

	71 -46 -44 -45	

	72 -46 -44 -45	

	73 -47 -44 -45.5	

	74 -47 -44 -45.5	

	75 -47 -44 -45.5	

	76 -45 -43 -44	

	77 -44 -43 -43.5	

	78 -44 -45 -44.5	

	79 -44 -46 -45	

	80 -44 -48 -46	

	81 -44 -48 -46	

	82 -44 -48 -46	

	83 -46 -48 -47	

	84 -46 -47 -46.5	

	85 -47 -47 -47	

	86 -47 -47 -47	

	87 -47 -45 -46	

	88 -46 -44 -45	

	89 -44 -44 -44	

	90 -44 -43 -43.5	

	91 -43 -43 -43	

	92 -42 -43 -42.5	

	93 -42 -42 -42	

	94 -41 -41 -41	

	95 -41 -41 -41	

	96 -41 -41 -41	

#	key max24 RSSI_MAX-39

