#	X  Y1  Y2  Y3
	1 -41 -39 -40	

	2 -40 -39 -39.5	

	3 -40 -39 -39.5	

	4 -41 -39 -40	

	5 -41 -39 -40	

	6 -41 -39 -40	

	7 -41 -39 -40	

	8 -41 -39 -40	

	9 -40 -39 -39.5	

	10 -40 -39 -39.5	

	11 -40 -38 -39	

	12 -39 -38 -38.5	

	13 -38 -37 -37.5	

	14 -37 -37 -37	

	15 -37 -36 -36.5	

	16 -36 -36 -36	

	17 -36 -36 -36	

	18 -35 -35 -35	

	19 -34 -34 -34	

	20 -34 -34 -34	

	21 -34 -32 -33	

	22 -34 -32 -33	

	23 -34 -33 -33.5	

	24 -34 -33 -33.5	

	25 -34 -35 -34.5	

	26 -33 -35 -34	

	27 -33 -36 -34.5	

	28 -33 -37 -35	

	29 -33 -39 -36	

	30 -36 -40 -38	

	31 -37 -42 -39.5	

	32 -40 -46 -43	

	33 -42 -50 -46	

	34 -44 -54 -49	

	35 -45 -60 -52.5	

	36 -46 -62 -54	

	37 -46 -61 -53.5	

	38 -46 -56 -51	

	39 -46 -51 -48.5	

	40 -46 -47 -46.5	

	41 -45 -43 -44	

	42 -45 -43 -44	

	43 -44 -43 -43.5	

	44 -44 -43 -43.5	

	45 -44 -42 -43	

	46 -43 -40 -41.5	

	47 -43 -40 -41.5	

	48 -43 -40 -41.5	

	49 -43 -40 -41.5	

	50 -42 -40 -41	

	51 -42 -40 -41	

	52 -41 -40 -40.5	

	53 -41 -40 -40.5	

	54 -41 -41 -41	

	55 -40 -40 -40	

	56 -39 -39 -39	

	57 -39 -39 -39	

	58 -39 -39 -39	

	59 -39 -39 -39	

	60 -39 -39 -39	

	61 -39 -39 -39	

	62 -38 -38 -38	

	63 -38 -38 -38	

	64 -38 -38 -38	

	65 -38 -38 -38	

	66 -39 -38 -38.5	

	67 -37 -38 -37.5	

	68 -37 -38 -37.5	

	69 -37 -37 -37	

	70 -37 -37 -37	

	71 -37 -37 -37	

	72 -37 -37 -37	

	73 -37 -37 -37	

	74 -37 -37 -37	

	75 -37 -37 -37	

	76 -37 -38 -37.5	

	77 -37 -39 -38	

	78 -37 -40 -38.5	

	79 -38 -40 -39	

	80 -38 -41 -39.5	

	81 -38 -41 -39.5	

	82 -39 -41 -40	

	83 -39 -41 -40	

	84 -40 -41 -40.5	

	85 -40 -41 -40.5	

	86 -40 -41 -40.5	

	87 -41 -42 -41.5	

	88 -41 -41 -41	

	89 -41 -41 -41	

	90 -41 -43 -42	

	91 -46 -45 -45.5	

	92 -42 -48 -45	

	93 -42 -44 -43	

	94 -42 -45 -43.5	

	95 -43 -45 -44	

	96 -45 -45 -45	

#	key max21 RSSI_MAX-33

